1 0.744632 0.778111 0.0280024 0.0389035
1 0.617408 0.385344 0.0289407 0.0407013
1 0.34497 0.809955 0.027614 0.0388143
1 0.148154 0.583377 0.0284074 0.0357473
1 0.113857 0.715944 0.0328192 0.0347148
1 0.266804 0.533201 0.0302111 0.0372624
1 0.878554 0.426669 0.0278793 0.030189
1 0.105783 0.607708 0.0309986 0.0327221
1 0.153107 0.815633 0.0328465 0.0358705
0 0.698757 0.0539693 0.0311198 0.0348414
1 0.637427 0.837707 0.0330707 0.0408782
1 0.187538 0.855773 0.0303983 0.0393436
1 0.152716 0.662625 0.0279395 0.0397842
1 0.0519832 0.56553 0.0288033 0.0401407
1 0.602408 0.651034 0.0286145 0.0386959
1 0.930664 0.224674 0.030816 0.0333348
1 0.549482 0.589736 0.0330255 0.0308269
1 0.0605825 0.730516 0.027351 0.0385519
1 0.630903 0.693926 0.0278432 0.0332041
1 0.893714 0.0883545 0.0278303 0.0331896
1 0.623751 0.625571 0.0290158 0.0348454
1 0.258691 0.410971 0.0292746 0.0356654
1 0.586226 0.716275 0.0271594 0.0375186
1 0.777165 0.70659 0.0284427 0.0315009
1 0.768286 0.0611586 0.0300116 0.0360596
1 0.586995 0.618462 0.0343 0.0358351
1 0.237395 0.437997 0.0289841 0.0377239
1 0.687684 0.712855 0.0327911 0.0343013
1 0.120711 0.426443 0.0276708 0.0360921
1 0.598928 0.811412 0.0335599 0.0371104
1 0.241044 0.381216 0.0319507 0.0317399
0 0.672861 0.424313 0.0302329 0.035753
1 0.647905 0.558388 0.0226071 0.0341413
1 0.862219 0.275024 0.0307963 0.0321167
1 0.073323 0.59304 0.0302208 0.036359
1 0.901581 0.23238 0.0289465 0.0319722
1 0.836796 0.37712 0.0278854 0.0304829
1 0.222389 0.192518 0.0328595 0.0347583
1 0.111946 0.654715 0.0335865 0.0350052
1 0.287417 0.412425 0.0266593 0.0356747
1 0.791775 0.102229 0.0285694 0.0381391
1 0.0349516 0.365612 0.031505 0.0377257
1 0.64219 0.602482 0.0279459 0.035123
1 0.627692 0.418755 0.0290254 0.0357194
1 0.925671 0.593654 0.0310422 0.0333726
1 0.603829 0.689859 0.029548 0.037744
1 0.780856 0.781304 0.0310216 0.0377124
1 0.132631 0.495006 0.0315634 0.0320303
1 0.661806 0.583151 0.0222417 0.0330599
1 0.371098 0.0164235 0.0343893 0.0328471
1 0.809495 0.484595 0.0354827 0.0344912
1 0.657373 0.309185 0.0339449 0.036399
1 0.479733 0.365974 0.0284816 0.0333847
1 0.128167 0.688465 0.0327227 0.0350015
1 0.809466 0.22317 0.0265605 0.0354329
1 0.0804169 0.630571 0.0270324 0.0404565
1 0.944353 0.257354 0.0299975 0.0324965
1 0.658478 0.143484 0.0279149 0.0424198
1 0.0285435 0.542305 0.0331777 0.0343478
1 0.0610339 0.65937 0.0295849 0.0365454
1 0.840911 0.169518 0.028771 0.0349255
1 0.860021 0.13966 0.03084 0.0350304
1 0.294255 0.448546 0.0314067 0.0371596
1 0.408924 0.917791 0.0341939 0.0378877
1 0.256835 0.633614 0.0335771 0.0346347
1 0.871789 0.171211 0.0328854 0.0318207
1 0.688594 0.22893 0.0288595 0.038875
1 0.77548 0.853394 0.0318303 0.035973
1 0.0848486 0.729885 0.0231107 0.0369152
1 0.292194 0.548179 0.0276443 0.034386
1 0.75298 0.258568 0.0273266 0.0377795
1 0.201812 0.521749 0.0318719 0.0413933
1 0.591107 0.771112 0.0308894 0.0409645
1 0.223059 0.491903 0.0267713 0.0365294
1 0.679989 0.284766 0.0267237 0.03319
1 0.387548 0.895069 0.0289051 0.0391994
1 0.66944 0.612068 0.0268547 0.0292006
1 0.667401 0.105294 0.0286426 0.0394788
1 0.689246 0.475062 0.031044 0.0330978
1 0.921212 0.472782 0.0275218 0.0344942
1 0.83547 0.232283 0.0291527 0.0324374
1 0.260414 0.499454 0.0298103 0.0337703
1 0.20512 0.815441 0.0329248 0.0336009
1 0.260655 0.575129 0.0333365 0.0356132
1 0.294812 0.63909 0.0374142 0.0353978
1 0.848545 0.421528 0.0327789 0.0303638
1 0.802074 0.694126 0.0249382 0.0341126
1 0.856657 0.454654 0.027801 0.0347698
1 0.183775 0.488932 0.0349495 0.0295971
1 0.249195 0.469798 0.0336158 0.0323057
1 0.676753 0.640632 0.0277726 0.0321111
1 0.153163 0.848519 0.0346034 0.0297811
1 0.279765 0.602113 0.0346727 0.0331961
1 0.17089 0.532615 0.0294007 0.0382841
1 0.0398289 0.467975 0.0306964 0.0380492
1 0.235699 0.522158 0.0310561 0.0345461
1 0.815898 0.672032 0.0280927 0.0220957
1 0.742109 0.077696 0.026534 0.0423873
1 0.374358 0.108538 0.0345666 0.0407718
1 0.955151 0.47273 0.0277033 0.0374204
1 0.315328 0.687568 0.0303582 0.0363231
1 0.694068 0.310806 0.0290577 0.034993
1 0.864704 0.105973 0.0303546 0.0352952
1 0.693199 0.580599 0.0287077 0.0399861
1 0.270979 0.314623 0.03423 0.0352257
1 0.124545 0.810433 0.0289327 0.0314394
1 0.806829 0.573488 0.0303299 0.0313984
1 0.14875 0.456672 0.0279979 0.0381682
1 0.684918 0.754389 0.0256816 0.0372199
1 0.601026 0.3569 0.0282193 0.0373632
1 0.0552961 0.281139 0.0314013 0.0398411
1 0.8507 0.316058 0.0224371 0.0324992
1 0.94498 0.372952 0.0321673 0.0375235
1 0.270399 0.364247 0.0326403 0.0370059
1 0.897215 0.591564 0.0257279 0.0335693
1 0.274371 0.237034 0.0337524 0.0326552
1 0.301359 0.508108 0.0335384 0.0332149
1 0.311824 0.574414 0.032648 0.0334272
1 0.749812 0.712773 0.0260438 0.0355838
1 0.749102 0.166429 0.0336593 0.0351828
1 0.583454 0.584351 0.0332008 0.0343277
1 0.586016 0.505022 0.0289474 0.0370476
1 0.898439 0.449775 0.0312165 0.0322691
1 0.795015 0.632469 0.0252738 0.0321294
1 0.864402 0.568091 0.0276818 0.0350345
1 0.312438 0.408739 0.0260125 0.039135
1 0.371858 0.661818 0.0331626 0.0415862
1 0.130822 0.550666 0.0335931 0.0360801
1 0.172373 0.397134 0.0324247 0.0326912
1 0.842219 0.674107 0.0251882 0.0360077
1 0.78573 0.205809 0.0292386 0.038433
1 0.242061 0.227396 0.030429 0.0350201
1 0.0944364 0.381228 0.0307863 0.0327804
1 0.703565 0.272871 0.0257499 0.036732
1 0.077521 0.693514 0.0255669 0.0406584
1 0.721027 0.709036 0.0317451 0.0309677
1 0.17106 0.722889 0.0279141 0.0341762
1 0.797182 0.32272 0.0273725 0.0354695
1 0.646619 0.916127 0.0200015 0.0332895
1 0.704954 0.163277 0.02773 0.0329129
1 0.475688 0.0224148 0.031502 0.0402488
1 0.727116 0.262367 0.026604 0.0359832
1 0.723153 0.502976 0.0306089 0.0325626
1 0.774724 0.676843 0.0350438 0.0318152
1 0.653693 0.272343 0.0295168 0.0353399
1 0.800772 0.259785 0.0274102 0.0392101
1 0.874565 0.0268986 0.0336257 0.0432258
1 0.754699 0.200349 0.030614 0.0327778
1 0.404745 0.661954 0.0197281 0.0311104
1 0.838867 0.482637 0.0247337 0.0371864
1 0.579744 0.451239 0.0306364 0.0289004
1 0.627482 0.755932 0.0313578 0.0313958
1 0.809913 0.372976 0.0266669 0.0329337
1 0.727867 0.0446656 0.0256005 0.0363482
1 0.054104 0.624216 0.0298517 0.0341096
1 0.391347 0.0607046 0.0336449 0.0377207
1 0.0467566 0.400243 0.033527 0.0390585
1 0.696682 0.531339 0.0215594 0.0358883
1 0.805268 0.179998 0.0310171 0.0357474
1 0.299649 0.801687 0.0304064 0.0362942
1 0.921168 0.707055 0.0314042 0.0357522
1 0.352116 0.531481 0.0305211 0.0393597
1 0.818691 0.617982 0.0259298 0.0306285
1 0.84261 0.6358 0.0382456 0.0353337
1 0.837924 0.524819 0.0296279 0.0344096
1 0.697921 0.385916 0.02509 0.0344066
1 0.62479 0.570301 0.0238187 0.0323133
1 0.90664 0.263439 0.0323205 0.0329447
1 0.713094 0.340073 0.029579 0.0372583
1 0.191259 0.0939694 0.0305486 0.0361693
1 0.674064 0.373805 0.0273153 0.0352715
1 0.249827 0.267377 0.0360854 0.0395561
1 0.825819 0.448039 0.0306583 0.0361574
1 0.685349 0.14055 0.0272583 0.0386732
1 0.832886 0.200122 0.0358241 0.0295454
1 0.684557 0.508202 0.0253608 0.0293539
1 0.253138 0.896201 0.030904 0.0316929
1 0.342583 0.238012 0.0319219 0.0367503
1 0.830044 0.138868 0.0295536 0.0315635
1 0.62724 0.662629 0.0268516 0.0369048
1 0.602297 0.558305 0.0258023 0.0365668
1 0.0302154 0.671054 0.0354555 0.032273
1 0.817901 0.545554 0.0324989 0.0295355
1 0.776478 0.270061 0.025641 0.0358113
1 0.925213 0.278066 0.0219419 0.0283113
1 0.285061 0.127617 0.0290531 0.0373478
1 0.509851 0.722212 0.0303665 0.0348036
1 0.110737 0.576194 0.0339943 0.0337939
1 0.896793 0.301378 0.0255615 0.0382008
1 0.344592 0.585122 0.0286349 0.0353287
1 0.814229 0.41501 0.0337813 0.0420488
1 0.200953 0.238079 0.0300408 0.0376269
1 0.73805 0.682349 0.021302 0.0255315
1 0.0603201 0.337875 0.0276198 0.0338027
1 0.691879 0.612314 0.0190686 0.0238103
1 0.574424 0.546756 0.0325272 0.0345005
1 0.795114 0.733248 0.0276733 0.0361617
1 0.348368 0.774587 0.0242352 0.0294433
1 0.316928 0.075526 0.0326818 0.0399154
1 0.285956 0.275006 0.0329456 0.036248
1 0.601571 0.472547 0.0286451 0.038048
1 0.770495 0.304527 0.0305179 0.034053
1 0.057045 0.435978 0.0355009 0.0373565
1 0.795912 0.449826 0.029759 0.0314707
1 0.77303 0.550675 0.0309857 0.0389788
1 0.754512 0.0307294 0.0298322 0.0326014
1 0.92585 0.443177 0.0279071 0.031091
1 0.875392 0.611237 0.0259066 0.0360827
1 0.952643 0.433163 0.0294594 0.0376626
1 0.772182 0.136753 0.0275947 0.0384077
1 0.866755 0.532094 0.0281541 0.0388674
1 0.774868 0.589099 0.0352754 0.0370826
1 0.423611 0.644545 0.0319075 0.0343655
1 0.834622 0.581192 0.0288167 0.0317481
1 0.711513 0.129208 0.0290497 0.0326741
1 0.657749 0.527236 0.0308289 0.0286062
1 0.0232286 0.620564 0.0305623 0.0406093
1 0.148836 0.623235 0.0329489 0.0359271
1 0.561664 0.719556 0.0221905 0.0313746
1 0.97608 0.445612 0.0253985 0.0342447
1 0.0620487 0.52883 0.0328853 0.0343677
1 0.229358 0.5653 0.0291706 0.0304008
1 0.575045 0.0406379 0.0352341 0.0468465
1 0.624568 0.908728 0.0322367 0.0410791
1 0.226112 0.710969 0.034824 0.0338385
1 0.883907 0.368971 0.0204562 0.0376475
1 0.655275 0.193627 0.0313921 0.0407555
1 0.895081 0.117807 0.0302391 0.027425
1 0.976454 0.0435511 0.035526 0.0402895
1 0.217437 0.286993 0.0328193 0.035456
1 0.0326847 0.327661 0.0310283 0.0382577
1 0.73961 0.120925 0.0320513 0.037811
1 0.980004 0.378636 0.0302978 0.0276753
1 0.722277 0.664362 0.0214709 0.0384085
1 0.224161 0.355364 0.0343915 0.029853
1 0.825778 0.265085 0.0250087 0.0319597
1 0.894699 0.55959 0.0177278 0.0250567
1 0.657059 0.0225565 0.0333692 0.0413231
1 0.837513 0.284742 0.0217954 0.0352787
1 0.715534 0.0131951 0.0232264 0.0263902
1 0.154541 0.714446 0.0258379 0.0433962
1 0.478123 0.0930871 0.0341197 0.0464518
1 0.61435 0.781296 0.0229177 0.0320649
1 0.641057 0.441439 0.0281719 0.0341924
1 0.15078 0.775084 0.0296183 0.0348097
1 0.256984 0.17972 0.0362674 0.0437265
1 0.873243 0.309752 0.0250658 0.0399394
1 0.306885 0.168529 0.031699 0.0340586
1 0.824255 0.697248 0.0197017 0.0314049
1 0.403581 0.224561 0.0289462 0.0353354
1 0.447247 0.513752 0.0218624 0.0379606
1 0.611946 0.593727 0.0236194 0.0301591
1 0.230173 0.607234 0.0323651 0.0406037
1 0.367849 0.791724 0.0261147 0.0367012
1 0.708966 0.62411 0.0207883 0.0281249
1 0.533751 0.766149 0.0277411 0.0274973
1 0.685793 0.0211146 0.0254833 0.0358873
1 0.666689 0.248673 0.0293406 0.0329178
1 0.419017 0.543776 0.0235695 0.0295631
1 0.600509 0.429371 0.028047 0.033454
1 0.805029 0.0378541 0.0270575 0.0396324
1 0.894597 0.203369 0.0288925 0.032325
1 0.667065 0.803433 0.028715 0.0349951
1 0.860263 0.397772 0.031446 0.0295122
1 0.813498 0.298664 0.0297414 0.0371595
1 0.124651 0.78192 0.0283205 0.0254328
1 0.606707 0.735392 0.0304278 0.0333578
1 0.425759 0.50176 0.0293379 0.0411552
1 0.720745 0.599438 0.0352577 0.0342911
1 0.200032 0.461222 0.0299769 0.0377551
1 0.646012 0.503775 0.0328479 0.0330918
1 0.492877 0.655586 0.0359573 0.0365525
1 0.437298 0.0227207 0.0285455 0.0350436
1 0.332858 0.655995 0.0261243 0.0381903
1 0.0573329 0.694572 0.023206 0.0345832
1 0.773102 0.39375 0.0356123 0.0376036
1 0.715993 0.53035 0.0216263 0.0266569
1 0.538326 0.718159 0.0247154 0.0287319
1 0.730346 0.733755 0.0303912 0.0257967
1 0.928755 0.327824 0.0259079 0.0218749
1 0.922907 0.304847 0.0249937 0.0284199
1 0.6858 0.447476 0.024734 0.0251266
1 0.943165 0.669974 0.0356323 0.0357483
1 0.848111 0.609214 0.0299543 0.0310246
1 0.765666 0.0994227 0.0244809 0.0379174
1 0.0253646 0.507868 0.0338222 0.0365657
1 0.892308 0.145482 0.0337743 0.0299087
1 0.694743 0.103002 0.0281191 0.0364645
1 0.108767 0.759394 0.0419603 0.0310559
1 0.905233 0.379325 0.023998 0.034974
1 0.867189 0.345623 0.023877 0.0311207
1 0.692813 0.41226 0.0217024 0.0264727
1 0.91582 0.548486 0.0309804 0.0282234
1 0.780412 0.0291004 0.0255776 0.035866
1 0.693535 0.193905 0.0320737 0.0303006
1 0.826054 0.334078 0.0277199 0.0394762
1 0.177744 0.214852 0.0333858 0.0366967
1 0.917189 0.0979146 0.0270958 0.0339421
1 0.357346 0.173567 0.0313613 0.038864
1 0.95373 0.303438 0.0377764 0.0257606
1 0.655227 0.354332 0.0250183 0.0366382
0 0.443655 0.554439 0.0341708 0.0251973
1 0.763808 0.620402 0.0300523 0.025106
1 0.317447 0.820632 0.0264353 0.0216862
1 0.723569 0.194387 0.0310696 0.0416529
1 0.515239 0.751904 0.0349268 0.0265225
1 0.768597 0.644626 0.0317686 0.02775
1 0.439152 0.573433 0.0301646 0.0205581
1 0.733364 0.547333 0.0225858 0.0319791
1 0.921763 0.519811 0.0323608 0.0326419
1 0.539523 0.658314 0.0329401 0.0378039
1 0.715273 0.559947 0.0221045 0.0181722
1 0.714813 0.0752571 0.0279439 0.0288868
1 0.738297 0.640223 0.0323352 0.0263261
1 0.840177 0.784994 0.0326886 0.0292188
1 0.772672 0.23658 0.0307858 0.0326626
1 0.946684 0.285088 0.0279262 0.0256133
1 0.463395 0.490442 0.0286443 0.0362905
1 0.84483 0.346161 0.0234825 0.0321059
1 0.641465 0.978642 0.0252519 0.0292652
1 0.15257 0.745413 0.0316557 0.0275001
1 0.760114 0.00774171 0.0291575 0.0154834
1 0.855325 0.24187 0.0235202 0.0360777
1 0.707911 0.743621 0.0220059 0.0347895
1 0.72569 0.613634 0.0329984 0.0329311
1 0.788305 0.353243 0.0306747 0.0310639
1 0.773126 0.738444 0.0247683 0.033263
1 0.572014 0.348539 0.0302655 0.0405008
1 0.956483 0.328247 0.0302923 0.0225465
1 0.891063 0.339092 0.0273768 0.0295704
1 0.902255 0.488866 0.0304128 0.0368311
1 0.880768 0.504319 0.0364188 0.0440801
1 0.642383 0.362836 0.0339653 0.0391157
1 0.530513 0.630006 0.0346238 0.0274563
1 0.819576 0.650376 0.0299498 0.0234739
1 0.637229 0.910928 0.0364167 0.0414254
1 0.800756 0.135498 0.0290904 0.0350589
1 0.834375 0.753531 0.0354038 0.0449106
1 0.866523 0.0684912 0.0331787 0.0341728
1 0.931496 0.395051 0.0314034 0.022833
1 0.866335 0.209683 0.0309009 0.0367439
1 0.85464 0.705374 0.0283936 0.0275158
1 0.659554 0.96822 0.0194074 0.0284863
1 0.67302 0.544048 0.0277326 0.0335779
1 0.877143 0.467935 0.0252047 0.0282882
1 0.707702 0.67517 0.020283 0.0291682
1 0.650472 0.44641 0.0361488 0.0408656
1 0.908857 0.34178 0.0162336 0.0362252
1 0.88137 0.688559 0.0261757 0.0339656
1 0.320297 0.79081 0.0200326 0.0384689
1 0.852425 0.723033 0.03225 0.0234291
1 0.930583 0.414738 0.0327586 0.0205037
1 0.716498 0.0934284 0.0228996 0.0181495
1 0.856054 0.486821 0.0166374 0.023915
0 0.573758 0.0411029 0.0382751 0.0485304
1 0.92675 0.350281 0.0212846 0.0191519
1 0.852821 0.50335 0.0219114 0.0244121
1 0.680221 0.78352 0.0299048 0.0255674
1 0.438801 0.507645 0.0372451 0.0456544
1 0.256854 0.488624 0.0321465 0.0236198
1 0.694815 0.683581 0.0185494 0.0293492
