2 0.803497 0.978355 0.0544396 0.0421555
2 0.103261 0.303937 0.0546634 0.0464921
2 0.285297 0.988488 0.0488912 0.0228078
2 0.709101 0.851863 0.0569656 0.0434135
2 0.470344 0.209365 0.0476466 0.0518948
2 0.763831 0.502634 0.0445521 0.0513339
2 0.757573 0.414409 0.0471959 0.0561936
2 0.0424451 0.0400419 0.0522172 0.0556342
2 0.600777 0.924651 0.0557909 0.044001
2 0.735559 0.988615 0.0516151 0.0227705
2 0.700601 0.605129 0.0509624 0.0475319
2 0.234075 0.510173 0.050034 0.0528548
2 0.0265104 0.398642 0.0527205 0.0430398
2 0.332292 0.251563 0.0481103 0.051377
2 0.576174 0.722675 0.0476328 0.052526
2 0.16559 0.312532 0.0565723 0.0464932
2 0.331726 0.151155 0.0552906 0.0445597
2 0.458873 0.80282 0.0531932 0.0440017
2 0.534474 0.986422 0.0445192 0.0271567
2 0.240689 0.719427 0.0506006 0.0526743
2 0.385504 0.633927 0.0496644 0.0503784
2 0.159048 0.0444319 0.0496614 0.0551743
2 0.523147 0.679038 0.0503016 0.0534244
2 0.369331 0.449553 0.0515113 0.049235
2 0.123245 0.430971 0.0545654 0.0454433
2 0.295829 0.114921 0.0558722 0.0502495
2 0.556213 0.7891 0.0505093 0.0514389
2 0.207073 0.414073 0.0558706 0.0460709
0 0.754217 0.555529 0.0539216 0.0512756
2 0.0605606 0.152422 0.0482015 0.0507715
2 0.958272 0.807793 0.0556655 0.0463053
2 0.315585 0.479433 0.0561109 0.0448091
2 0.668708 0.428164 0.0447445 0.0536241
2 0.67329 0.656417 0.0494609 0.054235
2 0.57749 0.30489 0.0515701 0.045562
2 0.644697 0.762261 0.0555443 0.0460025
2 0.233892 0.770204 0.0551079 0.0485898
2 0.13483 0.865899 0.0546523 0.0476081
2 0.612686 0.523312 0.0537114 0.0483593
2 0.0442782 0.971625 0.0506787 0.0466919
2 0.438816 0.0996986 0.0520045 0.0500526
2 0.182515 0.509867 0.0524595 0.0479643
2 0.694875 0.343907 0.0466179 0.0519709
2 0.236981 0.286967 0.0536544 0.0492481
2 0.901543 0.638203 0.0564073 0.0426152
2 0.90069 0.725515 0.0496392 0.0483106
2 0.480583 0.761046 0.0468915 0.0526532
2 0.111775 0.91493 0.0594157 0.0464785
2 0.414454 0.36017 0.0484933 0.0538195
2 0.28611 0.756438 0.0470241 0.0525978
2 0.509492 0.333362 0.046668 0.0524454
2 0.860172 0.535503 0.0465979 0.0518732
2 0.455148 0.597812 0.0550153 0.0490457
2 0.855997 0.975511 0.0472466 0.0476972
2 0.836092 0.658583 0.0466004 0.0508695
2 0.695122 0.960038 0.0505765 0.0536077
2 0.34601 0.607409 0.048745 0.0549446
2 0.538348 0.185402 0.0541236 0.047569
2 0.949983 0.747765 0.0556932 0.045786
2 0.841004 0.913015 0.0491012 0.0493754
2 0.19524 0.354509 0.0523434 0.051384
2 0.531292 0.734746 0.0514199 0.0484674
2 0.579358 0.258705 0.0530524 0.0473051
2 0.162123 0.464696 0.0512819 0.049099
2 0.315832 0.197195 0.0511161 0.0494301
2 0.190722 0.722836 0.049386 0.0507627
2 0.903119 0.983578 0.0548276 0.0326075
2 0.221373 0.183902 0.0466323 0.0567233
2 0.0849944 0.603693 0.0490783 0.0496244
2 0.171147 0.558505 0.0566018 0.0461436
2 0.412287 0.506157 0.0539256 0.0485158
2 0.140809 0.150169 0.0526035 0.0499028
2 0.805094 0.459556 0.0457747 0.052952
2 0.580458 0.485055 0.048117 0.0498217
2 0.0639825 0.261978 0.0561815 0.0482256
2 0.738961 0.690688 0.0575308 0.0429546
2 0.148017 0.664326 0.0562866 0.0476043
2 0.750509 0.807086 0.0560984 0.0458426
2 0.209231 0.0613125 0.0479435 0.0475914
2 0.626676 0.442795 0.0504272 0.0506226
2 0.724309 0.647056 0.0523246 0.0421832
2 0.650371 0.374521 0.0491651 0.0517897
2 0.707133 0.901796 0.0456168 0.0509621
2 0.0551539 0.646078 0.0556165 0.0452044
2 0.584886 0.974351 0.0539357 0.0483149
2 0.951804 0.940403 0.0540313 0.0443188
2 0.519971 0.261381 0.0478844 0.0543296
2 0.805146 0.786726 0.0556243 0.0439059
2 0.515371 0.599972 0.0508085 0.0556116
2 0.956 0.898033 0.0547566 0.0420064
2 0.144897 0.372264 0.0464904 0.0557884
2 0.720808 0.517936 0.0448555 0.0511984
2 0.83927 0.606509 0.0564638 0.0467487
2 0.537516 0.92289 0.052229 0.048812
2 0.799808 0.694364 0.048586 0.0506832
2 0.0735663 0.858753 0.0550975 0.0474589
2 0.639916 0.966619 0.0531392 0.0439324
2 0.234612 0.980283 0.0561301 0.0394334
2 0.248536 0.238384 0.0554445 0.0467582
2 0.912369 0.784822 0.0536886 0.0479045
2 0.712073 0.42443 0.0433705 0.0548045
2 0.83007 0.822705 0.0553213 0.0411437
2 0.222499 0.458796 0.0514291 0.0484006
2 0.0436951 0.443967 0.050474 0.0520952
2 0.112556 0.478137 0.0504292 0.0474347
2 0.661552 0.895355 0.0489249 0.0523473
2 0.253859 0.0800884 0.0550608 0.048106
2 0.881731 0.842802 0.0566193 0.0465088
2 0.965345 0.978275 0.0590358 0.0418731
2 0.390791 0.578247 0.0501666 0.0546261
2 0.188343 0.821026 0.0499029 0.0524455
2 0.179981 0.900954 0.046695 0.0557543
2 0.267208 0.821964 0.0561202 0.0491541
2 0.55541 0.350431 0.046551 0.0533764
2 0.432083 0.952707 0.0543157 0.0428783
2 0.123173 0.0867192 0.0458044 0.0526891
2 0.390816 0.133356 0.0465079 0.0556536
2 0.0777119 0.0978793 0.0472481 0.0556208
2 0.29194 0.595376 0.0466554 0.052029
2 0.445327 0.459173 0.0576729 0.0531225
2 0.48327 0.152293 0.0494908 0.0597386
2 0.0361391 0.316988 0.0542457 0.0441161
2 0.712981 0.781702 0.0549636 0.0456036
2 0.101053 0.0356896 0.0481811 0.0528379
2 0.637949 0.817593 0.0549777 0.0436052
2 0.181105 0.615016 0.0535592 0.0480973
2 0.385967 0.271467 0.0427389 0.0506223
2 0.627222 0.280454 0.0515389 0.0467973
2 0.571433 0.854916 0.0494016 0.04768
2 0.66224 0.307455 0.0547505 0.0487714
2 0.79084 0.936177 0.0467977 0.0450343
2 0.268537 0.876292 0.0568296 0.0478826
2 0.293404 0.278899 0.049462 0.0534567
2 0.0364164 0.548506 0.0533527 0.0448728
2 0.0439928 0.725757 0.0477069 0.0505763
2 0.217875 0.858987 0.0516309 0.04843
2 0.136227 0.956589 0.0476886 0.034361
2 0.430867 0.15546 0.0457329 0.0539973
2 0.512782 0.832616 0.0532603 0.0510865
2 0.26554 0.676112 0.0529992 0.0502769
2 0.360418 0.373197 0.0475625 0.0509441
2 0.821543 0.512026 0.049841 0.0497449
2 0.36963 0.965149 0.0504842 0.0418187
2 0.204311 0.670475 0.053707 0.046014
2 0.546262 0.442286 0.0515306 0.0476282
2 0.420229 0.667343 0.0546563 0.0482456
2 0.328059 0.87224 0.0487142 0.0475736
2 0.228326 0.910893 0.0524806 0.0492068
2 0.785112 0.650459 0.0534516 0.0433571
2 0.320108 0.963096 0.0517669 0.0451922
2 0.334481 0.554723 0.047157 0.0514227
2 0.610257 0.87607 0.0548403 0.0469676
2 0.957563 0.856682 0.0550712 0.0419192
2 0.173809 0.0977993 0.049705 0.0497062
2 0.756578 0.736232 0.0495543 0.0482269
2 0.808097 0.738579 0.0514793 0.0437893
2 0.741436 0.943499 0.0494217 0.0529028
2 0.266359 0.156634 0.0500959 0.0496172
2 0.805579 0.567049 0.051993 0.0389844
2 0.391846 0.40318 0.0486018 0.0509489
2 0.0131074 0.706275 0.0262147 0.0488447
2 0.703007 0.729769 0.0523871 0.0463949
2 0.0811176 0.81422 0.0558808 0.0445044
2 0.0247866 0.600937 0.0495562 0.0501951
2 0.317181 0.713466 0.0466923 0.0541179
2 0.450672 0.554197 0.0480112 0.0455368
2 0.814682 0.873152 0.0549046 0.0460877
2 0.175345 0.19759 0.0460431 0.055674
0 0.688915 0.554515 0.0520635 0.0440132
2 0.3618 0.792158 0.051204 0.0493792
2 0.656439 0.490061 0.0566209 0.0484701
2 0.860849 0.762986 0.0507291 0.0502457
2 0.405854 0.839209 0.0501576 0.0488205
2 0.220626 0.125388 0.0503087 0.0502508
2 0.93094 0.678532 0.0516345 0.0481103
2 0.253695 0.373992 0.0556679 0.0451449
2 0.188634 0.95532 0.0533408 0.046743
2 0.132274 0.601205 0.0438244 0.0552526
2 0.0857991 0.749875 0.0456723 0.0516407
2 0.585721 0.575154 0.0417946 0.0446613
2 0.891223 0.596944 0.0539598 0.0415339
2 0.55381 0.226337 0.0494585 0.0508736
2 0.0797886 0.68643 0.0541832 0.0479369
2 0.639458 0.564975 0.0541169 0.0483902
2 0.359583 0.686162 0.0477622 0.0551642
2 0.0733817 0.51317 0.0464753 0.046591
2 0.467487 0.646244 0.047572 0.0529494
2 0.0262882 0.181852 0.0453926 0.0528602
2 0.542822 0.52024 0.0415061 0.0440363
2 0.462385 0.707663 0.0471772 0.0529317
2 0.124797 0.524094 0.0518405 0.0430116
2 0.607199 0.612253 0.0521498 0.0452863
2 0.89829 0.93719 0.0498795 0.0520317
2 0.30234 0.33005 0.04699 0.0430269
2 0.760389 0.898881 0.0561751 0.0429617
2 0.231461 0.635073 0.0497875 0.0489204
2 0.363846 0.746192 0.0457617 0.0450614
2 0.137302 0.811936 0.0510804 0.0505525
2 0.604667 0.795929 0.0488765 0.0448907
2 0.268521 0.547224 0.0560028 0.0490914
2 0.491722 0.434155 0.047145 0.0475103
2 0.231669 0.581985 0.0519351 0.0484089
2 0.053879 0.788103 0.0478296 0.0450215
2 0.44186 0.261311 0.0495815 0.0449357
2 0.132033 0.216046 0.0466051 0.0530969
2 0.0508188 0.907552 0.0554337 0.0494176
2 0.0836564 0.222335 0.0467903 0.0493762
2 0.77509 0.847639 0.0505859 0.0494616
2 0.0871084 0.985733 0.0466855 0.028112
2 0.310115 0.791899 0.0479624 0.0451131
2 0.273099 0.452309 0.0476705 0.0521876
2 0.299743 0.648003 0.050496 0.0558813
2 0.756221 0.464305 0.0524517 0.0387466
2 0.62429 0.699014 0.0476426 0.0483979
2 0.771297 0.59816 0.0551983 0.0493723
2 0.855647 0.704201 0.0480263 0.04675
2 0.0211369 0.817589 0.0422738 0.0459061
2 0.10475 0.178152 0.0426334 0.0495635
2 0.0200422 0.865409 0.0400844 0.0517752
2 0.498008 0.97571 0.0481826 0.0473709
2 0.371497 0.93162 0.0479909 0.0391909
2 0.315042 0.378891 0.041999 0.051546
2 0.31562 0.914713 0.0532756 0.0475723
2 0.361188 0.517512 0.0449837 0.0508664
2 0.530016 0.39348 0.0482418 0.0534437
2 0.500945 0.525257 0.0459209 0.0497629
2 0.412541 0.888376 0.0535918 0.0443869
2 0.127521 0.720233 0.0531448 0.0520853
2 0.673397 0.991201 0.0494419 0.0175118
2 0.284263 0.407312 0.0498371 0.0414749
2 0.0161257 0.268958 0.0322514 0.0490401
0 0.593145 0.401499 0.0556959 0.047514
2 0.459853 0.846839 0.0501113 0.0395451
2 0.27023 0.939315 0.053107 0.0509565
2 0.556318 0.63012 0.0474443 0.0493611
2 0.00906841 0.644595 0.0181368 0.0492045
2 0.520928 0.477685 0.0477786 0.0468916
2 0.419184 0.220705 0.0467151 0.052337
2 0.912529 0.878626 0.049046 0.0508169
2 0.0852461 0.358019 0.0479084 0.0507893
2 0.430518 0.739047 0.0417065 0.0490565
2 0.317781 0.434046 0.0490556 0.0449594
2 0.0154084 0.0805975 0.0308168 0.0575033
2 0.125056 0.768161 0.0364304 0.0455373
2 0.387127 0.320562 0.0517551 0.0468428
2 0.0171052 0.508735 0.0342105 0.0456054
0 0.0372903 0.358332 0.0525292 0.0430414
2 0.0141397 0.769777 0.0282794 0.0481766
2 0.666247 0.705785 0.0395603 0.0497329
2 0.298767 0.523933 0.0438446 0.0421738
2 0.58917 0.66332 0.0454137 0.0502503
2 0.0970477 0.557998 0.0496007 0.0458608
2 0.162678 0.765418 0.0486923 0.0523946
2 0.132779 0.985272 0.0452232 0.0287587
2 0.373651 0.867346 0.045777 0.0500068
2 0.476259 0.385105 0.0632798 0.0604282
2 0.550256 0.566769 0.0444467 0.0483366
2 0.451039 0.909883 0.0516154 0.0477676
2 0.257274 0.328473 0.0484104 0.0460121
2 0.268131 0.203695 0.0419543 0.0447711
2 0.0125699 0.463683 0.0251398 0.0442167
2 0.00680374 0.914934 0.0136075 0.0433194
2 0.486898 0.883687 0.0525441 0.0414667
2 0.406373 0.984236 0.050128 0.0315221
2 0.623 0.652129 0.0354202 0.0448675
2 0.402871 0.72426 0.0416436 0.0525477
2 0.326992 0.825542 0.0485118 0.0447144
2 0.468148 0.492614 0.0522156 0.0479332
2 0.460845 0.306106 0.0511377 0.0473451
2 0.373544 0.215725 0.0476294 0.061806
2 0.458778 0.982711 0.0302227 0.0339193
2 0.0121982 0.214058 0.0243964 0.0466285
2 0.457224 0.330279 0.0483878 0.0528871
2 0.00582857 0.972069 0.0116571 0.0501376
0 0.17451 0.254475 0.0649572 0.0615088
2 0.353622 0.306498 0.0407127 0.0526018
2 0.00408024 0.133672 0.00816048 0.0519803
2 0.882913 0.678631 0.043757 0.0428404
