0 0.1533764737717083 0.8060280775572519 0.07436435091961609 0.06831945714980492
0 0.4268635118715386 0.7459407484553625 0.066230750037783 0.07642515545571411
0 0.5583135561087144 0.6387032537947336 0.06390686407154511 0.07642515545571392
0 0.8267224324891694 0.830345095089171 0.07785017986897301 0.07526719855486974
0 0.901667754900345 0.4608668465359719 0.06739269302090221 0.07642515545571385
0 0.892372211035393 0.6362973170138606 0.07204046495337807 0.06831945714980485
0 0.8778478575544532 0.20959022484806056 0.08249795180144914 0.09032063826584373
0 0.5943338358653691 0.07410924165402562 0.082497951801449 0.07874106925740222
0 0.4130707304988048 0.11521663424818503 0.07552629390273509 0.06368762954642827
0 0.5141597132941992 0.09784715175917619 0.08482183776768715 0.07526719855486977
0 0.30501003306873786 0.04863418983545431 0.07087852197025914 0.08337289686077883
0 0.9436216370652768 0.9304767400036359 0.0715042227433903 0.07537008263890017
2 0.09006776969739 0.12299005107438873 0.07150418357655389 0.08153661017778335
2 0.03506455156157931 0.17951754818380394 0.07012910312315862 0.0781107021871202
2 0.027501589484487565 0.06988852300952829 0.05500317896897513 0.08222179177591561
2 0.07666073527678614 0.2641375060801301 0.07081664334985625 0.07879588378525285
2 0.03368947110818405 0.33847967895057485 0.0673789422163681 0.07536997579458962
2 0.03265813558945758 0.4203589104543701 0.06531627117891516 0.074684794196457
2 0.02750156150817641 0.5262196123688537 0.05500312301635282 0.0726293562463703
2 0.033689471108184044 0.6077560775436457 0.06737894221636809 0.07674033899085493
2 0.039475112748410035 0.7252801892894292 0.0783447159929816 0.08222179177591532
2 0.09001392999386436 0.7833859753910004 0.07975471665428487 0.06533022798999547
2 0.03707064894550166 0.9102621727765622 0.06256616062948421 0.0753699757945892
2 0.11653799568683999 0.8591951815837439 0.0653163215362752 0.06098116223380444
2 0.19594895341830107 0.863991055920375 0.06737894221636807 0.07468479419645703
2 0.03782030873407052 0.9623149968392313 0.06326493814968141 0.0739996125983243
2 0.2292946656036608 0.8002695641443373 0.06531632153627516 0.0719440678039264
2 0.1351016321650361 0.7187555117046053 0.069441562896461 0.07811070218712018
2 0.23868123249842393 0.6971428950976173 0.0729225522868821 0.08153661017778291
2 0.13719485607651316 0.618475329757613 0.06875402266976292 0.08290697337404808
2 0.21866429723449876 0.6293513494653982 0.06806648244306522 0.08085142857965023
2 0.28051637332579893 0.6416726277051026 0.07012910312315868 0.0787958837852527
2 0.35305190640923484 0.6043301695529825 0.07081664334985628 0.07674033899085501
2 0.3740218833235127 0.6944315497074237 0.06737894221636814 0.07605515739272235
2 0.47027743672751027 0.7958384414945264 0.06875402266976337 0.07742552058898752
2 0.4245560620094775 0.6262559806932267 0.06394124108287996 0.08359215497218138
2 0.47646526519621557 0.6800428124640032 0.06187862040278702 0.07331443100019172
2 0.49331004551240537 0.6002190799641867 0.06394124108287996 0.07674033899085486
2 0.518061337006178 0.7290332051496489 0.06806648244306579 0.0685181598132634
2 0.6247988795316453 0.6818389620702588 0.06047769810754291 0.07731609394836435
2 0.25473358125306433 0.5532841557555742 0.0721917238032515 0.07468479419645703
2 0.33448821957367864 0.508404684760522 0.074941884710042 0.07811070218712018
2 0.43246280259281167 0.5364971913378518 0.06600386176297285 0.07811070218712012
2 0.5022481356026214 0.5101176998097455 0.06806648244306572 0.08153661017778333
2 0.5740960389351643 0.545404628430941 0.06462878130957762 0.07399961259832445
2 0.6064104799473128 0.47174753031431793 0.07012910312315875 0.0787958837852527
2 0.39224173849783545 0.45838648915073166 0.06806648244306572 0.07536997579458962
2 0.16358034057949056 0.6020473625012147 0.08181728697701797 0.06714779661699784
2 0.13890671090222148 0.5164381264754451 0.06737894221636775 0.08085142857965033
2 0.2406390233915495 0.4683216223236548 0.07012910312315863 0.08290697337404865
2 0.06841025255641454 0.49161773560627237 0.06669140198967047 0.06235152543006954
2 0.10175595634888067 0.5433485494149887 0.0742544172217537 0.07811088534879643
2 0.10519365468473797 0.43063663442635997 0.0687540226697634 0.07879588378525285
2 0.17910421226894604 0.41967391964964945 0.06394124108287974 0.08016647593361308
2 0.30939310201393516 0.4364606780104873 0.06737894221636814 0.07948106538338542
2 0.1175693787652953 0.34156293508827973 0.06737894221636809 0.07605515739272235
2 0.2004179369155246 0.34122043587005124 0.06806648244306569 0.07811070218712014
2 0.1670722806827871 0.26550785401292226 0.0715041835765539 0.07742552058898752
2 0.23892019520585425 0.2675634140707932 0.06806648244306572 0.08016624698151809
2 0.27811002169919286 0.3545814770336376 0.07356680425664681 0.08427733657031389
2 0.3643963201497458 0.37205360778601976 0.06875402266976337 0.08085142857965068
2 0.39155415910430236 0.2912021792063691 0.0653163215362752 0.07948106538338554
2 0.4747464705820937 0.33436861988872496 0.0653163215362752 0.07674033899085497
2 0.42250555524139655 0.43564844816802034 0.06744784717717874 0.0825476611259457
2 0.5194366076984889 0.4183033351330267 0.06806648244306572 0.07742552058898752
2 0.54040661818434 0.3086743099587512 0.06737894221636814 0.08427733657031389
2 0.6125983252018045 0.31004479526280004 0.07975472224954798 0.07057370460766109
2 0.5936909633723575 0.3816458754173632 0.074941884710042 0.07536997579458962
2 0.16136151691105988 0.08174846300021069 0.0723158480200023 0.08605106412968709
2 0.23313765928836566 0.06615175554969693 0.06476046091343494 0.08497542582806598
2 0.3761503438055344 0.046252446969706804 0.06799848395910665 0.0838997875264449
2 0.4668149890843432 0.04033643631079082 0.0852679402026893 0.07206776620861292
2 0.6713500587666481 0.058084588095018895 0.07987123512656964 0.0752946811134762
2 0.7576974190385017 0.0806729205445737 0.08418865189009248 0.0817486067691868
2 0.8208386444429364 0.1355306296769733 0.08742664858445014 0.07744607752419842
2 0.963737102536157 0.19630399004584867 0.07252579492768549 0.08067287262158165
2 0.33922145227502043 0.1270670040168032 0.06879316360767809 0.07919534748199225
2 0.26331175450103084 0.12883984986511035 0.0640488074968038 0.06382908603026241
2 0.22791764142131715 0.16907051497189976 0.06760707457995968 0.07801332737032103
2 0.13224891693812682 0.190895958390494 0.06760707457995953 0.07446726703530611
2 0.2787308298151585 0.19680616427410896 0.0759097653414599 0.07683146524653507
2 0.3873730517022686 0.18799851025272793 0.07709578680170823 0.06382908603026254
2 0.3149065885968062 0.2612260233783783 0.074723608746271 0.07328524692363463
2 0.4305982949796368 0.2025420327186434 0.08895667707889404 0.06737514636527721
2 0.5046808040742932 0.22576549902217544 0.0699792526353967 0.09456160893372204
2 0.5894862467761383 0.19857937876081636 0.07590969777398975 0.09219756871037904
2 0.710864612055843 0.12725566143414152 0.07709578680170821 0.08274140781700698
2 0.4406320737974555 0.24999725361852776 0.06760707457995956 0.06973918658862008
2 0.7796518119747171 0.15571261304300685 0.07116534166311518 0.08037736759366415
2 0.7320695823041212 0.21834777002432998 0.07582224192985207 0.08628746815202172
2 0.8411020807484911 0.23263081645895936 0.06944561893419686 0.08633133980061725
2 0.6932690367015146 0.31678138992796895 0.06760707457995949 0.08274140781700687
2 0.7668065081575883 0.33096552594277007 0.07472360874627114 0.08274140781700677
2 0.8504258232217319 0.299641940320846 0.07828187582942675 0.07683130725864917
2 0.9328590106481738 0.2848665835996947 0.07709578680170807 0.07328524692363465
2 0.875333702456318 0.37824643573488825 0.08065405388486396 0.07092120670029153
2 0.9667895072238797 0.3575609257927508 0.06642098555224095 0.08155938770533538
2 0.9708773440042794 0.4426665318209864 0.05824531199144119 0.07683130725864913
2 0.7656204577398529 0.4178440568132558 0.06049054041364798 0.0768313072586492
2 0.6891176671895252 0.41784426746377024 0.07116534166311524 0.07919534748199225
2 0.707502114686634 0.4964482889141549 0.06997929124537955 0.07092120670029158
2 0.6387089221214681 0.5348637055616507 0.06286271846908527 0.06973918658861997
2 0.6226965561548391 0.6158325045121795 0.061676629441366586 0.07801332737032077
2 0.6928428139105587 0.6052856953084169 0.08766284000251716 0.06382908603026242
2 0.7768882504144525 0.5189067895268282 0.06879323117514825 0.07564947146617791
2 0.8397510316247602 0.4651249139427454 0.06404880749680374 0.07683130725864913
2 0.7504333992774014 0.6572974736981694 0.08065405388486392 0.06766590456880686
2 0.6661206920925955 0.7090541700625219 0.07472360874627094 0.06382908603026254
2 0.6270636082405161 0.8016623911034587 0.08136735644738283 0.07446726703530648
2 0.7144072601190087 0.7906905533005935 0.06518916429513827 0.07715806667314493
2 0.7239351694315954 0.7249489120877726 0.06807729922408455 0.07343911936420724
2 0.7988868679910759 0.6988677375096429 0.08351751141923744 0.060849556044628744
2 0.8154012073993367 0.7572069428456965 0.05754988181829821 0.07483795973304896
2 0.8667573664097372 0.7606194505578603 0.07299009401345145 0.06644491751999695
2 0.8647826990010807 0.5544739713791333 0.06456816008882214 0.07856576155423772
2 0.8906738266509501 0.8797506890552675 0.07597319505008855 0.06591446974035932
2 0.7986123503206366 0.9002375593118888 0.07776079963950266 0.062351525430069756
2 0.8388407432755409 0.9701438429538115 0.07777537902568767 0.05964632030232806
2 0.9259790100180328 0.8021078180114521 0.07150418357655397 0.06324226150764205
2 0.926426071189886 0.6965552753388823 0.07776079963950251 0.07125900526088282
2 0.9219570524425102 0.5304330762416849 0.07597319505008855 0.07393109443851109
2 0.967011684436686 0.5936586210341513 0.06240139285243671 0.07746104185377646
