2 0.11757702916146066 0.03123600273462364 0.058127969473081686 0.050684834625993075
2 0.23449350931523946 0.0465593305634064 0.0647334205495682 0.04596996628869138
2 0.20014516761754259 0.08251019590277942 0.06209124011897362 0.04950611754166765
2 0.2866765689194501 0.13142695490228434 0.05812795387294915 0.04597000068400517
2 0.23053023866934758 0.13319500759856331 0.04888033796600049 0.04950611754166763
2 0.07398106375674893 0.15676936648272854 0.05548578904248707 0.05422098587896935
2 0.18032881438808293 0.16089488201041988 0.05944905968837899 0.04361253212004055
2 0.12038271603507694 0.21627479848177653 0.055485789042486966 0.04361253212004059
2 0.07530215787207938 0.20922226527010518 0.05812796947308167 0.0530422687946439
2 0.3117772908101653 0.199203187250996 0.05812796947308165 0.05186355171031849
2 0.24175949769930838 0.19684575308234517 0.058127969473081686 0.04714868337301681
2 0.18231041461073036 0.20922226527010526 0.055485789042487035 0.041255097951389715
2 0.1056872016236522 0.26226454552985373 0.058127969473081686 0.04832740045734227
2 0.1710811731309189 0.25224544458053527 0.06209125181907311 0.049506117541667664
2 0.2827133099736577 0.24104762081433934 0.060770149903676296 0.043612532120040584
2 0.2358145878304373 0.2740517163731079 0.05944905968837897 0.05068483462599303
2 0.1823104419109626 0.29939412222099976 0.058127969473081686 0.04479124920436593
2 0.11823753526877763 0.30764513034617313 0.05944905968837897 0.04479124920436597
2 0.31574053415582504 0.28878567992717563 0.0634123303342709 0.04479124920436593
2 0.26421804305946217 0.3147174615148872 0.055485789042487 0.04950611754166765
2 0.05086194988874746 0.475612343525307 0.06209124011897361 0.04596996628869135
2 0.41490770680050804 0.6426648590103187 0.058413508446724195 0.045220305595422304
2 0.38827802419816054 0.6836696937516209 0.05497741971456399 0.05211831831336809
2 0.29163803114210085 0.6395990681250816 0.06786275246016484 0.05135187245581832
2 0.32385134271852567 0.6909509293983414 0.05325937534848375 0.04981898074071935
2 0.26973295279484333 0.7154772154775239 0.054977419714563956 0.04675319731052127
2 0.22678186646636483 0.6836697272992961 0.06013157817227637 0.04598675145297165
2 0.2220572343158559 0.7346383544612232 0.06270861936192454 0.04675319731052127
2 0.27359856022636514 0.7764096294687955 0.05927253062976426 0.04445387092043138
2 0.32556939722839445 0.7457518044856131 0.05669546408064398 0.05365121002846706
2 0.3822648790606688 0.7400034680090307 0.044669153518083246 0.05748343931621463
2 0.4501276137692034 0.6809871295226779 0.05154133098240365 0.052884764170917434
2 0.5261510871120376 0.6748555775723599 0.05583644189760399 0.0482860890256201
2 0.503785018180048 0.7197257165487043 0.04982328661632341 0.04828608902562022
2 0.4553006074362571 0.7228198688483534 0.052400353165443524 0.055184101743565916
2 0.12799431541675785 0.6790710074237648 0.06013155281280425 0.04751964316807076
2 0.15806006899963537 0.7331054627461239 0.05325937534848386 0.052884764170917434
2 0.19456852445857392 0.7894392332760143 0.0644266637280046 0.05058542659826898
2 0.14045012692705006 0.6043425586778032 0.05927253062976421 0.045220305595422235
2 0.0992170621411271 0.6361500617661087 0.06270861936192448 0.049052534883169796
2 0.2735985526185236 0.5338295397832465 0.06270861936192446 0.04981898074071935
2 0.12284016203094002 0.5464758927052942 0.06528568591104467 0.04445385973787275
2 0.08375465270261725 0.5874807498117136 0.054118397531523865 0.048286089025620316
2 0.12541723872384897 0.5016388137661665 0.05841350844672416 0.048286089025620316
2 0.22377527868193603 0.4978065844784188 0.06270861936192443 0.04675319731052113
2 0.0635670417991258 0.5223328220998474 0.06356764154496454 0.04828608902562024
2 0.22119821213281582 0.4384070305183304 0.059272530629764224 0.05058542659826884
2 0.24997547428426162 0.3966357536469981 0.06013156042064585 0.046753197310521265
2 0.28863144082172476 0.3625288719833293 0.058413508446724195 0.04751964316807083
2 0.3436088529284471 0.33761938534048924 0.06356764154496457 0.04981898074071935
2 0.40889455151922777 0.3353200403128016 0.058413508446724195 0.04981898074071942
2 0.45227516161896203 0.3015964524007785 0.057554486263684056 0.04981898074071932
2 0.5459085973219591 0.3058118971622619 0.0609905749958444 0.04905253488316983
2 0.6206435044229196 0.4545024084369485 0.05583644189760406 0.05671699345866514
2 0.572538284996201 0.48401055904252727 0.057554486263684125 0.0528847641709175
2 0.5600824633421201 0.5368953232134447 0.056695464080644055 0.048286089025620385
2 0.554498801400729 0.5870975194278997 0.05583644189760404 0.05365123984862365
2 0.5755448499571052 0.6457306387129972 0.06013155281280425 0.04675319731052127
2 0.31096603026050224 0.8254621885808423 0.060131552812804294 0.04445385973787268
2 0.3736746496224267 0.833893093013887 0.058413508446724195 0.05211831831336781
2 0.4441144889192889 0.8319769727787337 0.05154133098240361 0.05135189109341609
2 0.3479040044188023 0.7856070412634615 0.05841352366240735 0.05058542659826879
2 0.40297939706410446 0.81254808910821 0.06374245159293937 0.043166286640799925
2 0.46000631054737906 0.7748767880752101 0.054118397531523935 0.0413880763076746
2 0.5008098984770686 0.8047681541545245 0.048105254929979295 0.050585426598268854
2 0.542969376916663 0.7471745532739476 0.052900434716948025 0.0556385866102835
2 0.5773378080115638 0.7904902245528785 0.05516403530517023 0.0541112515005736
2 0.5953023576310795 0.7587813915189942 0.06184959717888439 0.05058542659826884
2 0.6696077942156751 0.7645297317230961 0.0609905749958444 0.04981898074071935
2 0.6249386305538029 0.8120493637086084 0.05240035316544379 0.05595054760111566
2 0.5776924218983618 0.8465394533909723 0.05927251795002836 0.04828608157058047
2 0.5983089504874028 0.9013403284782455 0.048964264433283375 0.05058542659826884
2 0.5839769495979366 0.7093695583509804 0.04381013133504287 0.04828608902562014
2 0.6206434739915535 0.6955496157261972 0.05583644189760392 0.04828608902562024
2 0.6739029000589809 0.6691072075481016 0.06099057499584433 0.04905253488316987
2 0.6361059265411655 0.642281628626505 0.06099057499584433 0.04445385973787261
2 0.6133418285468153 0.6012767715200856 0.05669546408064413 0.04215452216522408
2 0.6133418209389734 0.5568228931446153 0.058413508446724265 0.0467531973105212
2 0.6180664074424332 0.5096864878153973 0.06099057499584433 0.04751964316807083
2 0.6820688760505825 0.4926631311816267 0.05670598951419166 0.04566364100753141
2 0.6871129752382065 0.9290743941024501 0.054651068167897845 0.06028676501291727
2 0.7273559963912325 0.9543416368917228 0.045708166104059984 0.050534494202004225
2 0.7810134381082935 0.9490222121376768 0.055644723952768656 0.05585391464432035
2 0.7690895774900531 0.8142635695557914 0.055644723952768656 0.054080774496881784
2 0.7362989600565416 0.7655022241246848 0.051670100813285276 0.04876135405456537
2 0.7144385093221552 0.7189572866309588 0.055644723952768656 0.047874783980846304
2 0.6717112929722875 0.542580885116256 0.053657412383026896 0.05142106427572358
2 0.6732017854498038 0.5864660778949874 0.06061301461073649 0.03634937302249436
2 0.7263623728737991 0.5651884090609113 0.055644723952768656 0.04521507375968802
2 0.7223877556011223 0.6139497760506655 0.055644723952768656 0.043441933612249316
2 0.7417640346058941 0.5226330670810292 0.05266375659815623 0.04876135405456552
2 0.6871129605711898 0.4446148919702652 0.06260031444686476 0.04876135405456544
2 0.6910875983776898 0.3958535379156999 0.05663837973763961 0.050534494202004294
2 0.6324619070703086 0.32670108941250703 0.046701821888930864 0.05408077449688168
2 0.4214787482469244 0.1821679465529828 0.05663837973763954 0.04432850368596877
2 0.5190343220384016 0.1339492603815643 0.04570816610405992 0.05585391464432066
2 0.483161806914159 0.18698245002470343 0.05085140739503356 0.05094467947032784
2 0.5360772548701866 0.16756173099777275 0.048689133458672706 0.05496734457060112
2 0.4970328723511446 0.2490941414047904 0.058625691307381225 0.04787478398084633
2 0.5613733561914863 0.24601966424259925 0.049055586429583145 0.051954600656198065
2 0.6040858606163702 0.2022933060994195 0.05104746916814801 0.05230763434944317
2 0.6150729308350684 0.1795304399281729 0.055644723952768656 0.04698821390712677
2 0.580294968097676 0.12677952269773513 0.037758899291269125 0.053194200111432985
2 0.6309714087259853 0.12544967405475038 0.04769547767380175 0.048761371301483794
2 0.6169401227281859 0.06857241060466833 0.052916580259395544 0.044216089898092135
2 0.6866556198352743 0.05283448030195755 0.05795625456981411 0.044216089898092135
2 0.9392951313762885 0.029467904177926326 0.04755924775070326 0.04714868337301681
2 0.9234420487927207 0.08133149028355856 0.0502014281812977 0.04950611754166765
2 0.9775741128299777 0.08781442278224383 0.04485177434004441 0.050684834625993075
2 0.7754799563795214 0.08486763007143025 0.047559247750703124 0.05422098587896933
2 0.6658294685098446 0.09665480091468445 0.04227488688951397 0.049506117541667644
2 0.7120676299452839 0.11492487559386239 0.05812796947308172 0.03889766378273885
2 0.8197364629918488 0.11197812301091492 0.0435959771048114 0.049506117541667616
2 0.6730954295936808 0.16560973888261693 0.05416469882718971 0.04361253212004053
2 0.7497186971812241 0.14969709263953757 0.051522518396595274 0.04243381503571511
2 0.8045439411160623 0.16030552346825716 0.04755924775070326 0.049506117541667685
2 0.8626719105891439 0.1573587078272345 0.05812796947308172 0.045969966288691426
2 0.8785249775725791 0.20332869131358267 0.06341233033427102 0.041255097951389715
2 0.8104888470849002 0.20686482536890208 0.056806879257784146 0.04361253212004054
2 0.6896090650849641 0.20863288379773326 0.052843608611892565 0.04950611754166765
2 0.6486552762108139 0.23456469978075867 0.04491706732010854 0.04714868337301684
2 0.5964722283067025 0.26344329700949287 0.05680687925778437 0.048327400457342226
2 0.6697927391557366 0.28701761003323983 0.050201428181297844 0.043612532120040584
2 0.7265996106134545 0.2528348547156687 0.05284360861189242 0.04361253212004054
2 0.7464159716429806 0.3029302677414238 0.04491706732010869 0.05422098587896929
2 0.6823430806009282 0.33711308611707025 0.05416469882718971 0.04479124920436597
2 0.7926541291783866 0.25872843440474347 0.05548578904248714 0.04832740045734227
2 0.8494610084361709 0.24340511804106535 0.05284360861189242 0.048327400457342226
2 0.893717534548664 0.2699262524383873 0.051522518396595135 0.04479124920436597
2 0.8355895611755488 0.29173250703330306 0.051522518396595135 0.048327400457342226
2 0.8943780796563127 0.3176642886210145 0.05284360861189228 0.05068483462599314
2 0.8428555651597507 0.346542851454435 0.05284360861189242 0.0447912492043659
2 0.7913330389630892 0.3636342434446014 0.04491706732010854 0.05539970296329472
2 0.9591115197060468 0.334755646215867 0.055485789042487 0.049506117541667616
2 0.744434348020134 0.42198075058381457 0.04888034576606684 0.056578420047620266
2 0.9174971759741652 0.3777788312588495 0.0515225300966948 0.0553997029632947
2 0.8580480948356035 0.3948702232490157 0.051522518396595135 0.05186355171031849
2 0.8052044862237111 0.41490841368254794 0.05416469882718971 0.04950611754166758
2 0.7589663442884378 0.47620170206746976 0.05416469882718971 0.04950611754166779
2 0.8679562714503333 0.443197623706358 0.05284360861189242 0.05186355171031856
2 0.8137915726231435 0.46205709705556475 0.0502014281812977 0.04714868337301681
2 0.8164337647538376 0.5097951676335057 0.055485789042487 0.04832740045734212
2 0.8626719164391936 0.4991866909443678 0.05020143988139735 0.053042268794643875
2 0.7807643406409099 0.5569438366751417 0.05284360861189242 0.048327406189894354
2 0.9135338838780904 0.47855913623612056 0.05416469882718957 0.04714868337301674
2 0.9346713351229138 0.4361253326655101 0.051522518396595135 0.05893585421627101
2 0.8428555612597175 0.5539970468306045 0.050201428181297844 0.05186355171031849
2 0.8019017606854678 0.6046818613926646 0.05284360861189242 0.05422098014641685
2 0.7972779722321593 0.6512412062874514 0.05416469882718971 0.0506848346259931
2 0.9214604407700072 0.5245291082573642 0.05416469882718958 0.04714868337301667
2 0.902965181655878 0.5716777687001721 0.051522518396595135 0.051863551710318416
2 0.8521031888667653 0.6046818814565974 0.05548578904248714 0.04950611754166765
2 0.8468188280055763 0.6565454159692591 0.04755924775070326 0.05422098587896919
2 0.9062679032940878 0.6294349287623267 0.055485789042486855 0.04714868337301674
2 0.9538271432447246 0.601145724471069 0.055485789042487 0.04714868337301681
2 0.8296446474066448 0.7078196206025195 0.047559247750703124 0.04832740045734212
2 0.7847275878866027 0.7361088363588817 0.05284360861189242 0.048327400457342407
2 0.8963597149792585 0.6748155307763029 0.05944906748844501 0.05304226879464393
2 0.8824882774687203 0.7284471867758715 0.05812794997291503 0.0471486833730168
2 0.8844698991415497 0.7897404464980314 0.05680687925778443 0.05186355171031849
2 0.8217181139149274 0.8439614610397623 0.055485789042487 0.05186355171031849
2 0.8593691850509007 0.8881633230392043 0.05680687925778429 0.05068483462599303
2 0.928065852846162 0.8852165188632861 0.059449059688378866 0.05186355171031849
2 0.8976808149446386 0.8427827181589513 0.05416472612742227 0.0471486891055691
2 0.9558087707676042 0.8139036050005107 0.05416479242798612 0.04832757816646382
2 0.9624142647444555 0.6518292119472727 0.05416469882718971 0.04950611754166758
2 0.969680218028226 0.5498715198378085 0.05284360861189242 0.04832740045734234
2 0.95118496281413 0.6989792138073174 0.0502014281812977 0.05422098587896926
2 0.936652982145959 0.7508427884478449 0.050201428181297844 0.05186355171031835
2 0.9676985866053133 0.3966383332708176 0.048880337966000414 0.053042268794644014
2 0.971661853351172 0.4980080082553561 0.048880337966000414 0.04832740045734227
2 0.9828584736911671 0.4561635116339376 0.034283052617665816 0.05422098587896933
2 0.9788951952452086 0.7742756726191297 0.042209609509582705 0.05304226879464409
2 0.9782346481875436 0.8632688067531472 0.043530703624912966 0.047148683373016816
0 0.4042536058809772 0.05598906150545747 0.04755924775070319 0.05304226879464393
0 0.36065762877616586 0.09252929111954548 0.05284360861189242 0.04596996628869139
0 0.29196092198057305 0.08133147881845398 0.052843608611892495 0.04950611754166766
0 0.46039992443098 0.05598907297056204 0.05152251839659505 0.04361253212004054
0 0.5191884429117437 0.04302316211277324 0.06341233033427095 0.04596996628869138
0 0.5832613300537628 0.022395624602182983 0.05680687925778436 0.04479124920436597
0 0.7609479484111185 0.03300407836111177 0.050201428181297844 0.047148683373016816
0 0.8144521060306924 0.04243380930316284 0.048880337966000414 0.05186355171031849
0 0.8626718832889115 0.07838469184019274 0.050201428181297844 0.050684834625993075
0 0.8910753346179032 0.03830829377547157 0.059449059688378866 0.05304226879464392
0 0.980876838368221 0.14262476720337586 0.03824632326355783 0.05186355171031849
0 0.7490581520735753 0.1980244701666706 0.052843608611892565 0.04950611754166765
0 0.7140492535681302 0.0854569656833838 0.05416469882718958 0.027110492939484664
0 0.7431132461047375 0.3518470496711379 0.05416469882718971 0.04832740045734219
0 0.43001486507927467 0.2604964756359179 0.05680687925778436 0.04714868337301681
0 0.37585016625208495 0.28701761003323983 0.05680687925778443 0.055399702963294786
0 0.24902550558354306 0.5805181640302695 0.06209124011897362 0.04125509795138974
0 0.22590643851593967 0.6270774888611236 0.052843624212025014 0.04950611754166774
0 0.1757049986345423 0.6482943677162197 0.04491706732010856 0.04714868337301681
0 0.744434297319703 0.6848346202605168 0.051522518396595135 0.049506117541667866
0 0.8203970197995969 0.7744170613437259 0.05812796947308172 0.04714868337301681
