0 0.6327298169286046 0.6633466135458167 0.05404761322806941 0.059760956175298856
0 0.811646020809998 0.7320717228354237 0.06522987803387678 0.06972111553784856
0 0.6019785887126342 0.7250996015936255 0.059638745630973065 0.06772908366533854
2 0.3363997830689444 0.6752987757168363 0.057775034830005116 0.055776892430278904
2 0.05591132402903723 0.03187250996015936 0.055911324029037236 0.06374501992031872
2 0.10902705984893878 0.04282867557095076 0.046592770024197684 0.06175298804780877
2 0.1770525260919512 0.04183266932270916 0.059638745630973045 0.05577689243027888
2 0.22923639550752692 0.05776892430278885 0.05591133503287916 0.05577689243027888
2 0.2879432994928184 0.07171313772234518 0.05404761872999021 0.059760975551325556
2 0.3541050521839024 0.08266932270916333 0.0633661672329088 0.057768924302788835
2 0.3951066898051964 0.051792828685258974 0.055911324029037174 0.05577689243027889
2 0.4500861309241449 0.10458168299478629 0.06150245643194098 0.061752988047808745
2 0.39324296800038666 0.11653371922163198 0.05218390242710143 0.05776892430278886
2 0.07361658764207425 0.08764934426235797 0.050320191626133506 0.05976095617529881
2 0.09132182924742746 0.14342623669263688 0.05591132402903723 0.051792828685258974
2 0.15468799648033632 0.10856573705179283 0.059638745630973024 0.05776892430278883
2 0.17332512099577826 0.18227092602267472 0.059638745630973024 0.05776892430278885
2 0.11016847299426352 0.19965106316935605 0.06363085901141707 0.05577689243027884
2 0.2385549880258131 0.12051789922281247 0.05591132402903721 0.061752988047808766
2 0.29726186175053937 0.13545812857862377 0.05404761322806937 0.06374501992031875
2 0.23110013932002055 0.19123505976095614 0.05218390242710139 0.05976095617529882
2 0.2888751686481047 0.1982071422507008 0.05591134603672106 0.05776892430278879
2 0.34758203687091 0.18824699257616445 0.054047613228069266 0.061752988047808766
2 0.41094823161342364 0.19322709163346613 0.054047613228069336 0.059760956175298786
2 0.4622002566323573 0.17231071822005806 0.05591132402903724 0.06573705179282868
2 0.506929310353666 0.12749003015262406 0.055911324029037174 0.06374501992031871
2 0.5237027350719821 0.049800796812749 0.05218390242710143 0.06374501992031872
2 0.5768184488841998 0.0338645515206827 0.054047613228069336 0.05577689243027889
2 0.6420483489257603 0.028884462151394428 0.0615024564319409 0.05776892430278885
2 0.6196838413218292 0.0946215139442231 0.05777503483000508 0.061752988047808766
2 0.5628406453865453 0.09661348768865281 0.059638745630973086 0.05378489930982237
2 0.6821181531542542 0.09063741144714968 0.055911324029037104 0.061752988047808766
2 0.7268472233813259 0.05577686336623875 0.04472905922322965 0.06772908366533865
2 0.7697125140334172 0.11055777861231615 0.04845648632708711 0.06573707116885548
2 0.8284194400263931 0.18924300851241946 0.06150245643194098 0.06772908366533863
2 0.7165968139760025 0.1434261785645566 0.0540476132280692 0.06374501992031874
2 0.7697125277882202 0.17131467321976288 0.05218390242710143 0.06374498116826519
2 0.6196838303179872 0.1503983724664552 0.057775034830005075 0.061753036487875675
2 0.5609769125778935 0.16633465166656827 0.05963874563097307 0.05776892430278885
2 0.5171797307628315 0.20318726068402934 0.054047613228069336 0.059760956175298786
2 0.13454428937470264 0.2676113947170508 0.06175609754686558 0.05893585421627094
2 0.19188921756334498 0.24226896593894956 0.06175609754686559 0.055399702963294745
2 0.25750508748476225 0.2746837201532125 0.06065331009067157 0.056578420047620204
2 0.3264292969857398 0.2505199568664661 0.05734494772208947 0.060114571300596324
2 0.41961487447324225 0.25287742256415446 0.0650644892156183 0.06247204559711338
2 0.5348561229508368 0.27291562159651517 0.06616724737164184 0.06482943963789811
2 0.474202799837867 0.283524075355444 0.0573449477220894 0.062472005469247305
2 0.19795456159471014 0.31122390963943447 0.06285888500305958 0.06129328838492185
2 0.15549726080911275 0.3548364532245796 0.06175609754686552 0.0636507225535727
2 0.20016006488445853 0.3984489968097247 0.054036585353507395 0.06600815672222353
2 0.26577599666179197 0.35483645895713195 0.05293379789731329 0.06600815672222346
2 0.3198125820152994 0.3448173637403658 0.052933797897313395 0.07425917631250148
2 0.37109220523947073 0.29354305592116414 0.05844774820058165 0.056578420047620225
2 0.4300913081012549 0.31770683067301503 0.05734494772208947 0.06482943963789807
2 0.38322286725760507 0.35483643029437034 0.060653310090671514 0.0636507225535727
2 0.3451766739743148 0.4078786876239097 0.05955052263447755 0.05422098587896926
2 0.2657760096840901 0.42555947828410473 0.05513937280970144 0.06836559089087436
2 0.22993540433548607 0.4850846967750908 0.06506445991544765 0.05775713713194563
2 0.30933605234783823 0.4579741178473218 0.05624216026589544 0.05539970296329472
2 0.30327076040566536 0.5186781107481561 0.05734494772208947 0.05893585421627101
2 0.269084346008076 0.5640587471574463 0.06396167245925369 0.05539970296329464
2 0.3633726832793891 0.5552183632924533 0.06506448596004392 0.06129328838492202
2 0.3804658921059709 0.6288881638651352 0.05734494772208947 0.060114571300596394
2 0.38156866002871764 0.47447624301616204 0.05955052263447755 0.06954430797519975
2 0.4124467153132996 0.4161297072141876 0.05955052263447747 0.0636507225535727
2 0.4549040226100461 0.37605332061457114 0.05844773517828344 0.06365072255357263
2 0.5045294646499264 0.3365662810920126 0.06285891104765601 0.060114571300596345
2 0.5695939213097997 0.3271365501499615 0.05624216026589543 0.06011459423080558
2 0.6258361011091422 0.30297288431660424 0.05844773517828344 0.06836559089087436
2 0.6241818710912332 0.21574707197844847 0.05513937280970154 0.06836561955363579
2 0.6771157178221645 0.18274374744796365 0.05293379789731347 0.06836559089087436
2 0.7206757702526363 0.21692656009105768 0.05403658535350729 0.06836559089087436
2 0.7747123881618887 0.22930303215095169 0.056242160265895506 0.06247200546924728
2 0.8254405851022176 0.262307179302691 0.06065331009067137 0.05775713713194552
2 0.6749101233763293 0.25405613678220385 0.052933797897313326 0.06482943963789807
2 0.7421801744820374 0.28352404669268244 0.0551393728097014 0.06718687380654895
2 0.6886949861122019 0.3141706679549341 0.060653310090671514 0.06718687380654895
2 0.6203221247612778 0.3660342425954618 0.05844773517828344 0.062472005469247166
2 0.5558090943852466 0.3931447355349465 0.059550522634477604 0.06482948549831652
2 0.5872385271200531 0.44382959882370115 0.06285888500305958 0.06482943963789815
2 0.5183143111079264 0.4402934475707248 0.06396167245925376 0.06954430797519982
2 0.45766095869478607 0.45325935842851367 0.0551393728097014 0.05775713713194555
2 0.5210712797484114 0.5009973430181701 0.06065331009067157 0.05893585421627087
2 0.4262314999153835 0.5121951897145754 0.06506445991544765 0.06011457130059647
2 0.4846792774161359 0.5563970832430549 0.06065331009067157 0.06129331704768332
2 0.4251287678039564 0.5811501391476126 0.06065331009067157 0.06836559089087452
2 0.7013728221394018 0.5086164046887621 0.06175609754686562 0.0719017421438506
2 0.6429250869611184 0.5457460100426696 0.0551393728097014 0.0683655908908743
2 0.5651786038551847 0.5628373963002836 0.05403658535350744 0.06482943963789815
2 0.6137011900718057 0.6040924999842255 0.05624216026589544 0.05775713713194563
2 0.49294599291873065 0.6217732619816592 0.0551393728097014 0.062472005469247166
2 0.5502909406408201 0.6317923571984252 0.048522648072537394 0.06836559089087438
2 0.4372552068474846 0.6547773403427709 0.05844773517828341 0.07425922217291965
2 0.3986576491362686 0.7007473066314622 0.060653310090671514 0.06718687380654899
2 0.44828311396517045 0.7425917860552242 0.06285888500305958 0.06365072255357263
2 0.4852264644474997 0.6978005253857533 0.05734492818864225 0.06365074548378177
2 0.5429573942904062 0.6970343363507325 0.05591132402903724 0.059760956175298786
2 0.5479198938930232 0.764810502775093 0.06142527758788001 0.06329712462593187
2 0.49553748809601944 0.8019400995301723 0.05591132402903724 0.059760956175298786
2 0.5661158950591609 0.8331760134102356 0.05591132402903724 0.06565457025968713
2 0.6102273542400277 0.7877954314601919 0.06032248687611125 0.059760956175298786
2 0.7282258334318563 0.5685532512183428 0.0559113240290372 0.07154818434407617
2 0.6708806545639756 0.6092197788535101 0.05591132402903723 0.063297124625932
2 0.7883277090997498 0.6003792545409858 0.0658364404349541 0.059760956175298786
2 0.7205061161373025 0.6410451802581625 0.0559113240290372 0.07036946152719821
2 0.8423643139867037 0.6628514033240406 0.06804202185849235 0.06447584744280978
2 0.7806080471499632 0.6652089062833187 0.06363085901141695 0.059760956175298786
2 0.6750053850292355 0.7130993720495833 0.05591132402903712 0.07774522232635318
2 0.6548902934217169 0.741825447973844 0.05701411474080502 0.06683329307656438
2 0.7513842821114178 0.7206083742119695 0.0559113240290372 0.06447584744280963
2 0.7160949435235052 0.7630423325614921 0.05591132402903722 0.06683329307656492
2 0.6201523078672181 0.8536622252543049 0.0559113240290372 0.06801201589344244
2 0.6664695275282209 0.808870872863998 0.05591132402903722 0.07036946152719784
2 0.6752917555551332 0.8784151865717496 0.05591132402903722 0.06801201589344262
2 0.7221602663936363 0.8294984762989394 0.06583644043495382 0.06447584744280876
2 0.7679259637313477 0.797083730683505 0.05591132402903722 0.07508435279470897
2 0.7745425777789776 0.8813621999858269 0.0559113240290372 0.07390562997783087
2 0.3063470879850014 0.0243367060682681 0.062097393847483626 0.0486734121365362
2 0.8155456747597642 0.8362990244577067 0.062097393847483605 0.06637295211239234
2 0.8677400053134651 0.7281850269851824 0.05591132402903723 0.07139664173418245
2 0.9190601333808044 0.7406518167729814 0.05591132402903724 0.059760956175298786
2 0.9735450687042702 0.7306784366808147 0.05290986259145933 0.06973440094005602
2 0.8490781059203156 0.793843368587618 0.05591132402903724 0.059760956175298786
2 0.9128395997220157 0.8063099966939405 0.06835261171593127 0.08137008649893941
2 0.971989923812004 0.8029855312738357 0.05602015237599122 0.07472112332243445
2 0.8794037125199279 0.8528524721550379 0.057466484989898675 0.06807216014593036
2 0.8319714271713845 0.9043817427551799 0.05591132402903724 0.07139664173418224
2 0.8988431510742599 0.9243285352758085 0.05591132402903723 0.07804560491068753
2 0.9509952577269125 0.8661897575441293 0.051354655720323376 0.05817814485183383
2 0.9541055934217182 0.935133076185407 0.06379591586105283 0.07305888252830914
