0 0.0668214261475904 0.746157569985035 0.04567539156014523 0.05406814739390517
0 0.1632472178160967 0.5189243027888446 0.03890866688456814 0.049800796812749085
0 0.29942755191208525 0.6095617433000343 0.040600348053462375 0.047808764940239
0 0.19538917500728792 0.36155378486055767 0.045675391560145225 0.045816733067729064
0 0.19538917500728792 0.3037848605577689 0.042292029222356683 0.041832669322709216
0 0.20215589968286501 0.2589641434262948 0.042292029222356683 0.05179282868525895
0 0.26728562468529427 0.1882470119521912 0.04736707272903949 0.0458167330677291
0 0.25121465358079875 0.2430278884462151 0.04229202922235665 0.047808764940239036
0 0.23683536364519747 0.29083665338645415 0.040600348053462444 0.047808764940239
0 0.24360208832077454 0.34362549800796816 0.04060034805346241 0.037848605577689154
0 0.2664397641245803 0.38645414451487875 0.049058753897933766 0.03984063745019924
0 0.30281092923207387 0.17231075697211154 0.043983710391250916 0.049800796812749015
0 0.33918207436330067 0.15039840637450197 0.03552530454677957 0.049800796812748994
0 0.37386149837309945 0.15039841606251536 0.03721698571567387 0.05378486055776893
0 0.8314612945115326 0.06530036523241378 0.04229202922235657 0.06063432929612862
0 0.8839033907709881 0.07370517928286852 0.04229202922235672 0.05577689243027889
0 0.9354996764103964 0.09362544956790123 0.04736707272903956 0.05577689243027889
0 0.9625665701186381 0.1354581576426639 0.05075043506682803 0.05976095617529881
0 0.8737533237338893 0.3087649402390438 0.0490587538979338 0.059760956175298786
0 0.5650215104106855 0.301792828685259 0.04398371039125095 0.049800796812749015
0 0.35694472663669047 0.2071713147410358 0.04060034805346241 0.0398406374501992
0 0.42122861105467263 0.3356573705179282 0.04736707272903942 0.041832669322709216
0 0.2038475533843923 0.44820717131474075 0.042292024228289954 0.0557768924302789
0 0.4592914473429272 0.39243023044439523 0.03552530454677957 0.04780876494023907
0 0.466736151295219 0.34362548831995504 0.05041479235643004 0.04183266932270912
0 0.5176544376816459 0.6025896414342629 0.04060034805346241 0.05776892430278877
0 0.7756358159380219 0.8087649402390437 0.038908666884568247 0.055776892430278904
0 0.8018568690618162 0.8436255076959813 0.05075043506682803 0.041832669322709105
2 0.5451176472829777 0.03357389830849905 0.04073108347214166 0.04636395480697487
2 0.4718017168856413 0.0523592937906354 0.03937338068973695 0.05036084746274856
2 0.43480432047678347 0.07833909605316443 0.034621420951320515 0.049561468931593834
2 0.47281997853159685 0.1366937108927631 0.04412534042815352 0.043166440682355915
2 0.4134204972422383 0.12949932204706774 0.036657975124927515 0.05116022599390328
2 0.4181657251111244 0.17599226770441154 0.0353002723425228 0.04796283741216527
2 0.4307311636011903 0.2218275423954401 0.03869452929853459 0.04396581921351068
2 0.5695563326596292 0.17426451979173316 0.04208880390122974 0.04316644068235586
2 0.5865275975871695 0.2170311815350253 0.044804191819355806 0.04236706215120119
2 0.4751959661212286 0.29936725991744956 0.040731094501319134 0.050360775723959354
2 0.5912795617372569 0.2601976580867757 0.04208878625454638 0.04236706215120115
2 0.6116450902383154 0.30216494129891314 0.04344648903695109 0.04476519774466535
2 0.6028200309760255 0.352126305745103 0.04208878625454638 0.04236715182468727
2 0.43434453228193826 0.25621984138294557 0.042767637645748716 0.04556457627582029
2 0.3896606742859655 0.23102040447106817 0.035300272342522795 0.05116013632041701
2 0.3278849572504916 0.24021220839955798 0.038015677907332304 0.04396581921351064
2 0.3258485210890787 0.2917731907735257 0.038015671289826254 0.0495614509968965
2 0.3628460465393082 0.2657932719354644 0.03733682651612988 0.051959604525058045
2 0.39475205530831303 0.30056623804069554 0.040052232080939304 0.04796271186928429
2 0.3591123594760244 0.33294114029125155 0.03937338068973688 0.053558361587367535
2 0.2895301183478071 0.22742294999511017 0.034621420951320404 0.05036093713623483
2 0.2820627034132847 0.2825802748938059 0.037336837545306846 0.05036084746274858
2 0.27900792619584147 0.3309426042898784 0.036657975124927515 0.04796271186928429
2 0.3078590706169045 0.3593206138846607 0.034621420951320446 0.04876209040043902
2 0.15172328593372783 0.33973587574076414 0.038694529298534626 0.05435774011852232
2 0.22639693455431684 0.40368599682086775 0.038694529298534626 0.047962711869284365
2 0.13678855532727588 0.3928945480625543 0.034621420951320446 0.05036084746274852
2 0.1734465260405326 0.3992895583770949 0.03597912373372516 0.05195960452505801
2 0.09945174425199385 0.42287122504615965 0.0373368265161299 0.04956146893159385
2 0.1371279699937 0.4412568595239296 0.036657975124927515 0.043166440682355894
2 0.1751436589302093 0.45244817689479333 0.029869461212903906 0.04956146893159378
2 0.24302878702126837 0.4516487804289413 0.03801567790733222 0.04796278360807326
2 0.28715413847859894 0.44245601699414805 0.03665797512492755 0.05195960452505801
2 0.41715417989385123 0.38809827687562576 0.03733682651612995 0.048762090400439106
2 0.38694529298534613 0.4168759039971964 0.04073108347214174 0.05195960452505801
2 0.43419603718317 0.43510714591943356 0.03665797512492751 0.049561468931593834
2 0.3502873024195708 0.4584435876172428 0.04344648903695109 0.04716333333812961
2 0.39882519233138747 0.4656379943976356 0.04412534042815352 0.03757079096427269
2 0.08349872111789049 0.5004109605028667 0.043446489036951134 0.047962711869284434
2 0.1391645418139904 0.4840236288754056 0.03937338068973697 0.04556457627582027
2 0.1941514890605338 0.4976130280356415 0.03530027234252277 0.04716333333812969
2 0.23522200705161836 0.5076053672832593 0.03733682651612991 0.05116022599390334
2 0.2874935575566939 0.4940158425801425 0.038694529298534626 0.0511602259939032
2 0.336370857723264 0.5104031024688145 0.03869452929853459 0.05195960452505801
2 0.3821933288352588 0.5048074527507315 0.04344648903695116 0.04556457627582006
2 0.12422979356085513 0.5243922446987197 0.04073108347214168 0.046363954806974875
2 0.07603135581466451 0.5643612429952458 0.04208878625454643 0.047962711869284365
2 0.11642300697369876 0.5723550193394453 0.04005223208093943 0.043166422747660096
2 0.15613580232985994 0.5635617120191643 0.035300272342522865 0.04636400861106658
2 0.22368152898950716 0.5643612340278975 0.04412534042815353 0.047962586326403336
2 0.26984342800293876 0.5703565102401171 0.045483043210558204 0.04556457627582013
2 0.3027677072412409 0.5403797077136312 0.03530027234252277 0.05116022599390341
2 0.09911229649803857 0.6123239369298329 0.04480419181935588 0.04316644068235584
2 0.11133161933384571 0.6578885132056531 0.04208878625454645 0.046363954806975013
2 0.0739947950235512 0.6830689190023301 0.043446489036951155 0.045564576275820334
0 0.10657964636041672 0.732208030650887 0.04073108347214174 0.055956497180831816
2 0.06924284190264089 0.8565115177883298 0.03937338068973698 0.04556457627582006
2 0.07772847105765797 0.9488397022673076 0.0386945292985346 0.05116022599390334
2 0.12558750737243693 0.9468413276782098 0.040731083472141716 0.04556457627582006
2 0.15783294293996056 0.8609080997096811 0.03597913035123136 0.05595649718083165
2 0.17785906449501873 0.7921615818997678 0.047519597384165294 0.047962711869284365
2 0.22775464174839236 0.7961584745555416 0.038694529298534626 0.04636395480697473
2 0.2409922438768384 0.7477960734206798 0.03937338068973702 0.04396581921351086
2 0.272219407872147 0.7058287005350559 0.04751959738416527 0.04156768362004655
2 0.28342045141531513 0.7501940834712636 0.04140993486334406 0.0455645762758202
2 0.3255092266406845 0.7505938444756296 0.042767637645748736 0.04476519774466525
2 0.32143612932264753 0.7022314612754653 0.046840745992962986 0.04716333333812955
2 0.36250662084370705 0.7226156317546082 0.03937338068973695 0.04956146893159385
2 0.40018289511379224 0.7090262146596749 0.03733682651612988 0.04956146893159385
2 0.44261109824059813 0.7126233821804768 0.046161894601760595 0.050360847462748666
2 0.48673643425708085 0.7074274575973655 0.04208878625454645 0.046363954806975013
2 0.41783303349088896 0.7549903725928888 0.040052232080939304 0.04396581921351071
2 0.4629766465941752 0.7581878687828106 0.04208878625454645 0.04236706215120122
2 0.5093417803852945 0.7585056973299625 0.04521067460974301 0.049397604017162484
2 0.268825144298629 0.8121460272439393 0.04073108347214166 0.03996892655773692
2 0.308877369762062 0.818141330358205 0.03937338068973691 0.04876209040043902
2 0.3458747816117679 0.7961584207514497 0.040052232080939304 0.046363954806974875
2 0.3893212728545544 0.7885643426401769 0.044125349251495166 0.04556457627582006
2 0.4348043160651126 0.8021538135392021 0.03869452929853459 0.04556457627582006
2 0.4772325236035894 0.8133451129753684 0.04344648903695123 0.04716333333812969
2 0.1972063225267798 0.8381258205391194 0.04140993486334401 0.04556470181870091
2 0.19211492385774964 0.888886312430702 0.03937339833642022 0.047962711869284205
2 0.2274151631127414 0.8709003492838121 0.03937338068973702 0.05036084746274852
2 0.26746744813373047 0.8589096892511887 0.03937338068973702 0.0455645762758202
2 0.3075196625679866 0.8669034386933415 0.04344648903695116 0.04716333333812955
2 0.34926902533276727 0.863706032176906 0.04140994368668575 0.043965819213510705
2 0.3933943812017685 0.8521149717363734 0.04412534042815345 0.05116022599390334
2 0.4392168412845862 0.8505161788046695 0.04751959738416524 0.04476519774466553
2 0.4991757833912085 0.8795661098367493 0.03829310281207523 0.04956146893159406
2 0.42360325266942567 0.8948815438061791 0.046161894601760525 0.04076830508889159
2 0.3811750473367844 0.8996777073849239 0.04140993486334402 0.04396581921351071
2 0.3441776553395974 0.9156655649631751 0.046161894601760525 0.05036084746274852
2 0.30107059199824737 0.9148661864320203 0.042767637645748736 0.050360847462748805
2 0.24851177958472204 0.9262501236855905 0.034735887271490656 0.04796271186928457
2 0.22130555353196996 0.9240587525851436 0.042088786254546415 0.0415676836200467
2 0.1659791651489774 0.9600310734422632 0.03869452929853457 0.047962711869284504
2 0.20671024200361288 0.96962361581612 0.04005223208093934 0.04476519774466525
2 0.25117501474487386 0.9768180225965125 0.042088786254546484 0.043166440682355894
2 0.2827415867891004 0.9516374195181655 0.04276763764574877 0.05036084746274852
2 0.37608362881523555 0.9528366845965681 0.03937338951307888 0.046363954806974916
2 0.41885130175435065 0.9452424899097626 0.046161894601760504 0.0455646300799121
2 0.45297733994359635 0.9608788545746169 0.04684074599296293 0.052758983056212926
2 0.4884403734160822 0.9792161402552796 0.038708150660525575 0.03996892655773692
2 0.24778076440636831 0.6183192938481906 0.04480419181935584 0.04556457627582006
2 0.23080947300880295 0.6762742373569091 0.04208878625454638 0.046363954806974875
2 0.27120112196200186 0.6566892839966454 0.04412534042815352 0.04236706215120108
2 0.35436041517845573 0.6674810914489042 0.04208878625454645 0.04636395480697473
0 0.3149870278712126 0.6562896126657654 0.046161894601760595 0.047962711869284365
2 0.32856402260772877 0.5827470030158967 0.040731083472141806 0.05116022599390334
2 0.3563969219266018 0.6195183616449228 0.043446495654457226 0.047962711869284365
2 0.38898184495311783 0.5899412663187109 0.04073108347214166 0.04636402654576392
2 0.3652220330260224 0.5459752229214847 0.040731083472141716 0.047962801542770814
2 0.4093473745570939 0.5511714523944492 0.04616189680759624 0.047163387142221555
2 0.44736303150898976 0.574353447732634 0.044804191819355806 0.042367115955293085
2 0.4371802893168146 0.6183192759134934 0.04344648903695109 0.050360847462748604
2 0.4005223186035579 0.6411014743779171 0.04208878625454638 0.05435774011852232
2 0.44486110138584267 0.682092935777622 0.038015677907332235 0.048831443909542
2 0.4793093090320026 0.6800368212178508 0.03801567790733227 0.05357369690185095
2 0.4775719106970709 0.6083270622087563 0.046840783492164896 0.04636395480697487
2 0.41441004977963125 0.5281517689848803 0.035979123733725145 0.051160225993903526
2 0.45958233449227825 0.5263906013531203 0.03937338068973702 0.04876209040043902
2 0.49182781086775695 0.560364350339472 0.03597912373372523 0.04956146893159385
2 0.4667103358632944 0.48082637480389645 0.038694538121876364 0.04716370996677233
2 0.5003202694533704 0.5071237455604664 0.036671611927766225 0.050196982548317386
0 0.47791134631893145 0.43606055831217594 0.04073108347214166 0.0535583615873675
2 0.5255606017499124 0.9583885492092046 0.03787180406899452 0.05216864798153722
2 0.5734362716262288 0.9201034930292057 0.03930092875084305 0.049644358563075454
2 0.530205263931541 0.9024333538310677 0.04287374045546535 0.04627863933846015
2 0.5227023523862147 0.8532098234399768 0.03501355470529674 0.053851507593844584
2 0.5684343422053776 0.8675141301445916 0.04644655216008751 0.05216864798153708
2 0.5477120343185694 0.7345682207722875 0.040730053432692016 0.05048578836922957
2 0.5745081221032353 0.7034353179445961 0.03715724172806972 0.053851507593844584
2 0.6188109872405494 0.7198431991645957 0.04430286513731403 0.051327218175383396
2 0.5394945673979386 0.6815581429845969 0.03429899236437215 0.05385150759384473
2 0.5362790252544122 0.5507158081276772 0.03930092875084334 0.04627863933846035
2 0.5155567196894774 0.45437198205415685 0.03644267938714556 0.05385150759384473
2 0.5437818880403996 0.6243408972879856 0.04001549109176757 0.05553436720615224
2 0.578080898979758 0.6487423616664464 0.04001549109176757 0.052168647981537086
2 0.6205973930928603 0.6676745511830586 0.040730053432692016 0.05132721817538311
2 0.6130944745819145 0.6205544820384447 0.04430286513731424 0.0462786393384603
2 0.5830828609068355 0.5915250970916837 0.038586366409918756 0.05216864798153695
2 0.5502129839368187 0.4838221007821457 0.038586366409918756 0.04880285324431668
2 0.5780808827266454 0.5229484074258617 0.03715725565930917 0.04796174436673424
2 0.6163099981504544 0.5401979921852083 0.03787180406899438 0.052168647981537086
2 0.6520381244841686 0.5730136413562998 0.03644267938714556 0.04543720953230647
2 0.5130557514962419 0.35760764873722367 0.04430286513731417 0.04375434991999874
2 0.5380654218192307 0.39420956213264596 0.03715724172806996 0.053010266569203476
2 0.5731924377235063 0.4377669234385826 0.0426045532127436 0.05469293739999875
2 0.6181735329752284 0.4414660056739494 0.03923801736254068 0.05339370008553654
2 0.763867613788485 0.359710600273616 0.040015491091767504 0.05301007778769076
2 0.6180776508011746 0.4572983995778019 0.046727041997941775 0.0477884788828475
2 0.6531099796049218 0.40052058772921983 0.035728117046220975 0.05216864798153708
2 0.6970555635717737 0.3912648598615278 0.04073005343269216 0.05048578836922943
2 0.7234943632203575 0.3584491162996799 0.04073005343269188 0.050485788369229345
2 0.7663681152851893 0.4005203045569508 0.040730053432692016 0.04038863069538351
2 0.7174102289218395 0.4537070997568932 0.04607135065455406 0.04514567653812809
2 0.6756186933440409 0.44553691245508786 0.040730053432692016 0.04796149895076787
2 0.6388186863489677 0.49686430053383246 0.04287374045546535 0.04796149895076802
2 0.6856225637951096 0.4951813654089199 0.040730053432692016 0.05301007778769083
2 0.6609701258832444 0.5359905977384726 0.041444615773616536 0.04038863069538344
2 0.7138477809053713 0.5338868910760294 0.03715725101556227 0.047961612219675105
2 0.6656148333414031 0.6243408784098347 0.03787182960959969 0.053851583106449864
2 0.7178403978253749 0.634235671015553 0.03644267938714559 0.05385150759384507
2 0.7779715099331292 0.4488883330283754 0.04134336805536648 0.04945646216379039
2 0.7299458506368759 0.4800438448107508 0.03979113379904983 0.049946561275265144
2 0.7416024748254528 0.5450045077773761 0.03519741131071179 0.057674306862626576
2 0.7131594175888296 0.6057040832845094 0.041103625938571815 0.05690153230388975
2 0.7317120008481263 0.7936216662845739 0.04462459200705164 0.04945646216379057
2 0.7720709859384065 0.7569158196343736 0.04790580742923403 0.045592745406952885
2 0.8176799310572863 0.7750755449854333 0.04462458774230029 0.05254749104902756
2 0.8698513411385393 0.7596202965346878 0.04790580742923425 0.04791094772117191
2 0.8504921343237517 0.8272365013869646 0.04724956349184737 0.050229219385099666
2 0.8918944488824829 0.8288660690656546 0.047905807429234 0.04559267605724437
2 0.7605867127693888 0.6792535108436746 0.04462458774230044 0.0463654332785535
2 0.796023861932143 0.705913739003404 0.04068712411797961 0.048683704942481254
2 0.835070395398036 0.7151867216345537 0.04003088018059302 0.053320248270336636
2 0.8288360822576126 0.6595482883874236 0.04331209986752683 0.050229219385099666
2 0.7401702493127079 0.6484253548175509 0.0387183923058194 0.051091535156981734
2 0.7561256391713275 0.6036954631072782 0.04134336805536627 0.05332024827033652
2 0.7957261299000012 0.619355648640543 0.04156216127598209 0.05812990246143431
2 0.791310256657342 0.5021503360045592 0.03782239558976285 0.05071933583400265
2 0.8244505680320596 0.4843760010308232 0.03716614952000062 0.05071933583400283
2 0.8271954553551414 0.5339751012252596 0.04528083167968731 0.052547491049027215
2 0.8921636243478119 0.5915456529122118 0.04265585593014009 0.050229219385099666
2 0.852132752696721 0.6120237192769064 0.03478092868149872 0.04945646216379039
2 0.8747731557423112 0.6614800947535625 0.04331209986752683 0.04791094772117205
2 0.9180918426766389 0.6571508128225828 0.04332527826588069 0.05161632602589346
2 0.8994762689008162 0.751952448880543 0.04528083167968667 0.04795865426668665
2 0.9213730783563874 0.757222526233588 0.04726276534633359 0.047752713293617015
2 0.8380235080429054 0.4389261017036399 0.04331209986752683 0.054093005491645696
2 0.8885542912216867 0.3995154834168694 0.04331209986752697 0.05100197660640887
2 0.8892105244971955 0.4512901652323069 0.04068712411797961 0.05100197660640895
2 0.8698513304766614 0.4903144049084229 0.041343368055366626 0.0502292193850996
2 0.8654476649817362 0.554231774675036 0.039374636243206154 0.05563851993426398
2 0.9751784888243646 0.797099039105612 0.045937075617074184 0.048683704942481115
2 0.9531943083924054 0.7078455973818234 0.0439683438049137 0.04945646216379046
2 0.9525380793816477 0.6135691643698172 0.041343368055366626 0.05409300549164584
2 0.9806986820034334 0.6540593505016753 0.03729014385360827 0.050070811583275227
2 0.9824037581362325 0.5810342265236251 0.03413785248058758 0.052389083247202706
2 0.9023354053773046 0.5347478237717146 0.04068712411797969 0.055638727983387405
2 0.9413819068575663 0.5675901790516259 0.04134336805536648 0.05795679159819187
2 0.967040063569243 0.38025768261653636 0.045937075617073796 0.04404716161462576
2 0.9295695287788567 0.437766948534249 0.04528084873869215 0.051774733827717995
2 0.9816830500418893 0.44155154807730995 0.03663389991622154 0.05007081158327509
2 0.9213664635687059 0.48799609856964105 0.035437166221757854 0.05022921938509963
2 0.9613973405507343 0.47679087613668125 0.04331212119128459 0.05100208063097072
2 0.9725535152071934 0.5289522312990305 0.04462458774230015 0.05486576271295498
2 0.9374444560274989 0.30639820357425407 0.04659331955446064 0.0471381904998627
2 0.9131634239470605 0.3581729547393986 0.041343385114371856 0.05177473382771795
2 0.056307125229123206 0.6089852083716764 0.04232001020455602 0.043921267394665196
2 0.03765763619896933 0.6600859705563613 0.04088543358745241 0.04476590715225484
2 0.02905017649634778 0.7014733186782572 0.04518916343876321 0.041387348121895824
2 0.028691532342071877 0.766510580012665 0.03729899204469344 0.04645518666743428
2 0.034788482964762155 0.8209898443772018 0.03801628035324524 0.05067838545538279
2 0.03227797388483086 0.8897745495348807 0.04016814527890063 0.044765907152254696
2 0.038016285014707135 0.9383412787457818 0.03873356866179703 0.04729982642502407
