0 0.15080721977544603 0.5772162273676203 0.034849223353842 0.043824701195219126
0 0.36198161994422423 0.272283646479172 0.037387772951985594 0.040076380867064214
0 0.9041043143693906 0.23279662415427047 0.040786661402166115 0.04596996628869139
0 0.5574177058296034 0.07131238360168793 0.04305258703561989 0.04596996628869138
0 0.609533995399038 0.07956340319196585 0.03625481013525892 0.0412550979513897
0 0.632759736486594 0.1219971838323672 0.032855921685078185 0.04361253212004054
0 0.6707139875022871 0.14616091845635207 0.036254810135258705 0.033004078361111765
0 0.9301624658434201 0.06541877524985164 0.045318512669073385 0.03889766378273886
0 0.9703826441648942 0.09488670809053938 0.03965372199803303 0.048327400457342205
0 0.5460880776623351 0.21511586788938913 0.04078666140216619 0.048327400457342226
0 0.5534523359710595 0.2752304391899856 0.04191962421889315 0.04125509795138971
0 0.8474561869116735 0.1591268063839317 0.031722958868351296 0.028289210023810067
0 0.9703826525265353 0.22336688747966713 0.03965369858543909 0.04361253212004055
0 0.9630183574265925 0.40665739409226986 0.03852073576871248 0.042433815035715125
0 0.36481402698604126 0.7042834578844384 0.038520735768712414 0.03889766378273876
0 0.7596527593129465 0.624719865518247 0.03512184731853189 0.0447912492043659
0 0.7624839756571608 0.684834625993069 0.0385207357687122 0.04714868337301681
0 0.9647178284089324 0.7473066429274208 0.03738777295198574 0.0447912492043659
0 0.681477134261192 0.863858176760414 0.041919624218892865 0.04361253212004044
0 0.4446879055652832 0.7300737876894788 0.03738777295198567 0.042433815035715125
0 0.4684801213718906 0.8909686983626601 0.037387772951985594 0.04832740045734227
0 0.5545852987877864 0.906881350338292 0.04418554985234671 0.03771894669841345
0 0.7925075036790468 0.8426412692425563 0.03965369858543952 0.034182795445437224
2 0.2218954676643638 0.34118271061893374 0.036194327194429145 0.048317037032481226
2 0.16673174141370659 0.011990677967321079 0.04763764111724358 0.023981355934642158
2 0.1260092542321956 0.024780680661705114 0.04149084871501861 0.03837016949542745
2 0.18394633790283443 0.05611680444947249 0.04404053946555798 0.038229146792099336
2 0.08951265936410945 0.045564576275820105 0.04379589586585296 0.03837016949542745
2 0.11420785567073949 0.09929747301111103 0.039954150614462114 0.03916954802658201
2 0.1650574175634136 0.044747453278921906 0.037690311672193964 0.04396581921351048
2 0.19174857560410516 0.07707618807393628 0.03878751904039573 0.04729166433909732
2 0.07894174487237723 0.09376355282130716 0.04728301847865368 0.04115143917778833
2 0.05825542798122942 0.142719638964916 0.04228193441763496 0.038786413937685525
2 0.10144665786363523 0.1360974727824061 0.04137265003265358 0.041624444225808827
2 0.14168265994253557 0.11410252049838893 0.03909941912657897 0.04304353365559885
2 0.18896570353537886 0.12356278594862698 0.0463737296617565 0.03642140992207656
2 0.15668594758091822 0.155727203499753 0.043645863211064916 0.038313408889664995
2 0.12281492881036117 0.18883764175916715 0.044100507619513535 0.04304345936987055
2 0.07757782642008411 0.176539255816707 0.04364586321106494 0.03925941898570614
2 0.07001523373051491 0.21971080235656035 0.04546444527677509 0.039259418985706104
2 0.06092235073211146 0.26109878650734664 0.04273657439416775 0.04067843412976778
2 0.07547095407480327 0.3024866857601577 0.040917996760373374 0.041151439177788296
2 0.0695605871061084 0.3488412229151596 0.040917996760373374 0.0439894694659116
2 0.14366763750167116 0.33394155329026526 0.03909941912657897 0.04919252499413776
2 0.18526759348819108 0.3242449816425846 0.03591690826743885 0.04588148965799387
2 0.11752557515204552 0.3644503788875911 0.03682619708433606 0.047773509850076
2 0.17253755669950396 0.37201825271710504 0.036826201516251815 0.04493553262318728
2 0.08956493960054125 0.40087177819742076 0.040917996760373374 0.04588148965799391
2 0.12775506843291778 0.41009531296034024 0.03637155267588744 0.045408484609973314
2 0.1650359128803129 0.4129333750852042 0.039099419126578994 0.04257045432185002
2 0.08933762330553802 0.4441516551933262 0.03773548590123323 0.04351646441789114
2 0.16006297057085714 0.44836226033740295 0.036157232402795315 0.04862385246068602
2 0.1109332356614567 0.4883777120812235 0.0454644408448593 0.038313408889665015
2 0.18749139135501974 0.47211942712779625 0.03511463043158361 0.04635449470601438
2 0.21841274441533645 0.4267618528649733 0.039093385253681 0.04730050480205563
2 0.2098183871124994 0.38857364694888585 0.036826205948167656 0.04682749975403491
2 0.2455079731757138 0.4034732847370399 0.036371555630498056 0.04540848460997337
2 0.24869048403485408 0.45101029206310583 0.03637155267588746 0.04682749975403496
2 0.1466940317331396 0.5310640586289088 0.036826197084335925 0.046827499754035
2 0.16344466040535302 0.5191229499984605 0.044100507619513465 0.03642127196286742
2 0.22371250725762185 0.4852819620431973 0.03703170298755665 0.04754121228092797
2 0.25528282204813746 0.4987837753825648 0.036826200038946724 0.04588154271922854
2 0.29119974361132384 0.4637814495841547 0.035916908267438895 0.04588148965799391
2 0.2315320077444323 0.5331105633241267 0.03655328661283411 0.049099508613965524
2 0.19205918810847206 0.5762419014907073 0.03682618378858892 0.04635451593050897
2 0.19191791189390706 0.6202014055384119 0.0381901303096818 0.04730050480205544
2 0.2283256163083839 0.6173077967080133 0.034552975042093016 0.047300504802055485
2 0.23459650737294765 0.5791947661991452 0.0363715526758875 0.0439894694659116
2 0.25960195574684125 0.5413541925615505 0.04455514316413037 0.03831340888966492
2 0.29597350990003407 0.5117914619582411 0.04000870794347623 0.04446247451393219
2 0.29347296565356684 0.41719045235413005 0.03864477471813043 0.04257045432185002
2 0.26028392383681953 0.3597203390196324 0.03955406353502756 0.0411514391777883
2 0.29938333557687224 0.37178195713190965 0.037735485901233226 0.04351646441789106
2 0.28801723570679405 0.3202244652650271 0.036826197084336036 0.04635452654275519
2 0.3194879622704625 0.33403603789801656 0.03637155267588736 0.04446247451393219
2 0.2780150557663147 0.5938578377898075 0.035007619450541726 0.04398946946591167
2 0.25776148772703267 0.6549034083509181 0.037602665039195717 0.0430434593698704
2 0.31211337753612756 0.5739916045484506 0.03591690826743881 0.04588148965799385
2 0.31825108000479413 0.625549165394938 0.03637155267588739 0.04493547956195272
2 0.3091581844492958 0.666937149545724 0.0418272855772706 0.035948383649562314
2 0.2706547645876935 0.680008636682549 0.03500761945054164 0.04588148965799373
2 0.26393647719535435 0.7199603013962158 0.047283018478653585 0.03878641393768545
2 0.3086885760520473 0.7265405330696058 0.03819013030968177 0.04641703570462783
2 0.28960845863564844 0.7558620455123539 0.03455297504209305 0.04635449470601444
2 0.32302484629350414 0.7747822368209301 0.0350076312689839 0.047300504802055526
2 0.5054404533147816 0.18954738032560287 0.038749302580357046 0.04243597711735468
2 0.405168146278822 0.25921309355850813 0.04758686281798248 0.03889964569090843
2 0.4218235372203269 0.3111971655272676 0.04282817653618416 0.04102144454677617
2 0.3692609688283258 0.3237602260603936 0.043507988862155296 0.03960800101381112
2 0.4004094169223461 0.3472676746706355 0.04350799990694435 0.038192458746045335
2 0.4587811541511035 0.35697882444931944 0.038996713108267474 0.04593681410799605
2 0.36720692867761784 0.35309579512012007 0.03738967792841467 0.044557775973222497
2 0.39493691830066574 0.38200084781910926 0.035913440614860084 0.04243597711735462
2 0.3548934513125452 0.4033654117499184 0.036758224596206944 0.046765398361409
2 0.4992125736954875 0.38588138787231097 0.03535024095050132 0.04738684111437949
2 0.42585273839131516 0.40087634021605567 0.03621568366417305 0.040903870696988774
2 0.44629676217914765 0.41056796753380964 0.036030073157092855 0.04455777597322246
2 0.3649108085405407 0.44613349877824193 0.03740745822174872 0.04656793316088277
2 0.3823944223139983 0.4385050016708199 0.04418780118812662 0.039606911976197735
2 0.42710764316986416 0.44644601358011216 0.033173168806462254 0.0447639503490611
2 0.3402460636261801 0.4986226835246616 0.04146855851111526 0.04243597711735468
2 0.38273434393968886 0.48836744933265 0.038069494672301606 0.04172871083206545
2 0.49252400807654 0.4427485993825553 0.037389677928414786 0.046679574829090104
2 0.5390911744951441 0.45194315629982723 0.039429114906328236 0.04102144454677621
2 0.5873578496390977 0.4508822568718934 0.04350798886215536 0.041728710832065585
2 0.6312057446642386 0.4332005997396624 0.04282817653618423 0.03889964569090843
2 0.6781127951562499 0.4406268957351993 0.03738967792841464 0.04950863997024719
2 0.6784527013192354 0.33771965122561426 0.04350798886215543 0.04314324340264388
2 0.5588057297393503 0.49190362207824323 0.03806949025438591 0.04314324340264399
2 0.6019738080206044 0.492964521506177 0.037389677928414855 0.04102144454677621
2 0.6380038679239505 0.481294707139331 0.037389677928414716 0.04597230854380086
2 0.6927287601646301 0.48766010370693413 0.04350798886215543 0.03607058054975141
2 0.6730141916666769 0.5410587082462721 0.03670986560244358 0.04526504225851169
2 0.6264470495466089 0.5336323487783939 0.037389677928414716 0.04455777597322232
2 0.5605052561363625 0.5414123413889168 0.038749302580357046 0.04455777597322239
2 0.5203963355309367 0.4936718671318927 0.03874930258035711 0.04243597711735468
2 0.4614965327532615 0.44906001051798283 0.03828596829814136 0.04993550269740284
2 0.4354197947845394 0.5003908968421406 0.037389677928414786 0.041728710832065447
2 0.4830066443487749 0.4919036696824989 0.03603005327647232 0.041728710832065447
2 0.3422855127533616 0.543887773387429 0.04010892723229951 0.041021444546776135
2 0.39191180592238406 0.5350469448213135 0.03874930258035704 0.04455777597322239
2 0.4327005399582602 0.546009619847553 0.03874930920723072 0.04385050968793318
2 0.4632363249925473 0.5483045497100887 0.03670986560244356 0.04385050968793334
2 0.5237953971607926 0.5368150470621955 0.03603005327647232 0.04385050968793316
2 0.3541822196220258 0.5859700380217129 0.04214836421021296 0.04455777597322246
2 0.4087598166122841 0.571196697550134 0.03467042862452996 0.047386841114379304
2 0.4414536489774043 0.585499098433825 0.0360300532764724 0.04526504225851171
2 0.3888526173211463 0.6238088953612845 0.039429114906328305 0.043850509687933296
0 0.3531624922972377 0.6612939450092733 0.036030053276472386 0.04385050968793323
2 0.3980301168561246 0.6708420715968486 0.04010892723229951 0.036070580549751555
2 0.4072075832567355 0.7168143801406495 0.03535024095050119 0.04455777597322239
2 0.44323764095112367 0.6807436726462157 0.040788739558270566 0.041728710832065447
2 0.4269221407098997 0.6414905207573449 0.03670986560244358 0.04385050968793316
2 0.4844161668619118 0.6135424409873889 0.03675807395977911 0.04667957482909025
2 0.5091453906189178 0.5649311839664225 0.04500314384564193 0.036085548137949154
2 0.5182248074915846 0.5982003681121282 0.035549109151258 0.05092757207864621
2 0.5737615953883216 0.5831410522209824 0.04078874618514392 0.036070580549751485
2 0.587381893077249 0.5813376267524574 0.03603005327647238 0.0445577759732225
2 0.6386836625782589 0.5856164842194953 0.036030062112303786 0.0438505096879332
2 0.678792607482221 0.5941036796429655 0.04010892723229944 0.04385050968793316
2 0.5178126083404896 0.6156638466593255 0.03399061629855877 0.0459723085438012
2 0.5863381245232674 0.6552822133204852 0.03603005327647225 0.041728710832065585
2 0.556766290552479 0.6849873973026334 0.03670986560244358 0.041728710832065585
2 0.6361966538609065 0.6641761874030782 0.037048653485689684 0.04385050968793324
2 0.6308658385012531 0.6276987805899489 0.03806949025438598 0.037485113120330024
2 0.5603613951681531 0.6135455592323681 0.035350240950501176 0.04385050968793335
2 0.582669258561 0.6332274564003212 0.04013895459183567 0.03696157777646911
2 0.523115551700454 0.6602329821089983 0.03331080397258781 0.043143243402643916
2 0.48436624580666005 0.660232974174956 0.03467044408723468 0.04455785531364799
2 0.4864057081875886 0.7019616770729784 0.045547425840068885 0.037485113120330024
2 0.355541846482926 0.7571285584021363 0.03127136699467414 0.04597230854380086
2 0.3592807966041049 0.7999181527940503 0.04010892723229951 0.03819237940561919
2 0.3902122662716247 0.7638475405081283 0.03670986560244358 0.049508639970247126
2 0.43134092082871234 0.7772856475328799 0.03874930258035718 0.03677784683504086
2 0.44028763484935396 0.8010544214589597 0.045547425840068836 0.04172871083206551
2 0.37092770423714283 0.8602725462855736 0.03823958886524307 0.04597230854380097
2 0.42828176536184204 0.8600356918351244 0.040788739558270705 0.041021444546776135
2 0.4656714432902568 0.8200752577928792 0.03670986560244366 0.04597230854380086
2 0.47688829586275105 0.7553603292165724 0.044187801188126555 0.041021444546776135
2 0.49592306970639577 0.7889553349550437 0.04690705049201125 0.037485208328841335
2 0.509179423316581 0.8359887492118869 0.03535024095050119 0.04526504225851169
2 0.5061202722676262 0.895399133044269 0.034670428624529986 0.04667957482909016
2 0.5435099457781253 0.8635721343381677 0.03331080397258773 0.04385050968793308
2 0.5472489025261776 0.8161853249599588 0.033990616298558936 0.04526504225851156
2 0.5258348120491276 0.7231797767082526 0.04282817653618416 0.038899645690908355
2 0.5380714560061872 0.7677375526814751 0.037389677928414716 0.04455777597322239
2 0.5764808524235591 0.7787001721694169 0.03535024095050033 0.04526505812659944
2 0.6162498668659993 0.7769320143902351 0.0360300532764726 0.041728710832065447
2 0.5934761351698231 0.8190141917500497 0.040788741767228257 0.0424360247216104
2 0.6451418951376899 0.8229043070659509 0.040788739558270636 0.037485113120330024
2 0.6611174870069704 0.7815292452446152 0.03874930258035718 0.0452650422585117
2 0.5951756825519346 0.7093880841451125 0.04010892723229951 0.039606911976197666
2 0.6478611466505325 0.7245943092788312 0.03670986560244366 0.04455777597322239
2 0.6913691222589406 0.7334351695811173 0.03670986560244358 0.039606911976197666
2 0.6685954093389066 0.6775611013070966 0.040108927232299585 0.039606911976197666
2 0.676413264341322 0.6376005561882541 0.03942911490632838 0.037485113120329955
2 0.696807625284626 0.7772856475328797 0.033990616298558936 0.04526504225851156
2 0.6855907241150594 0.8207824288696567 0.04010892723229944 0.037485113120330024
2 0.6271268707084116 0.8642048732244652 0.03874930258035711 0.041021444546776135
0 0.5730811681653264 0.8935896772218035 0.040788739558270615 0.043850509687933255
2 0.6204901230052257 0.8989011539527709 0.03331080397258766 0.04314324340264411
2 0.6441221810666488 0.9055798715734595 0.03467042862453006 0.044557775973222524
2 0.6886498862088031 0.9094699154829768 0.03670986560244358 0.043850509687933366
2 0.6155700700027329 0.9476620886034879 0.04010892723229951 0.04526504225851169
2 0.6631569239848839 0.9501376316785969 0.040108927232299585 0.04738684111437949
2 0.7046254824959993 0.9511985866448294 0.03331081722633478 0.04526512159893798
2 0.6669860870964953 0.10699367288264482 0.03487122612800718 0.044273272494723986
2 0.6465952776955889 0.059953389836605406 0.042554716630788435 0.038739113432883485
2 0.592515313787646 0.04365840732006008 0.039599527975872434 0.041813756612384706
2 0.7630297106992736 0.019369556716441746 0.037826414782923055 0.036279487183176605
2 0.792877085385974 0.054419175591081025 0.03605330158997347 0.04488817905715072
2 0.8321811252243045 0.028900567046293027 0.043736792092754655 0.03812420687045677
2 0.9116104946052268 0.042873710309199356 0.03250707520407428 0.04611799218200412
2 0.9607318355541378 0.029822899298091173 0.038417452513906054 0.038739113432883485
2 0.7992092905460672 0.12439739652200013 0.033967095010092575 0.04710091550595763
2 0.8218925825884363 0.09535342989851152 0.04208827903795184 0.03869525941555626
2 0.8670627305359065 0.10673011576992057 0.03487122612800616 0.04427327249472318
2 0.9152110111501043 0.11945752956931843 0.03546226385898996 0.044273272494723806
2 0.8351363042767361 0.12667069667622088 0.040190565706855634 0.03935401999531022
2 0.8773955116445172 0.14388809422009002 0.03723537705193962 0.04058383312016364
2 0.9273381999125953 0.15249682748182708 0.04137264116882193 0.03935401999531022
2 0.8948311247085207 0.18139736693627811 0.043736792092754655 0.03566458062074986
2 0.9266085263431231 0.2125220016832487 0.03546226385899016 0.04756636577801526
2 0.9701884277268877 0.17986015571389521 0.03959952797587249 0.041198739682590385
2 0.9769853693151817 0.14142850935814608 0.042554716630788365 0.03812420687045673
2 0.7865664951331394 0.2054219761602506 0.03900849024488911 0.043615342795940884
2 0.8216587565953248 0.19107870147623435 0.03671268071976011 0.047717209737517786
2 0.8513645741051056 0.2074702028653116 0.036053324635936544 0.04242874595033753
2 0.8457749863151786 0.241965732314915 0.03546226962048104 0.04488817905715068
2 0.7153025301833247 0.1661480657821998 0.03309811293505765 0.046117992182004096
2 0.6569384379877945 0.18477942200922995 0.03959952797587256 0.039968926557736886
2 0.6161568345499557 0.20968313778751224 0.04314575436177144 0.04304345936987051
2 0.6560518737093324 0.23304954577196468 0.0330981129350576 0.046732898744430894
2 0.7373195626797664 0.19092848763349707 0.03487123188949776 0.04488817905715066
2 0.710946706106354 0.2216469460727516 0.03782643014689787 0.04611799218200404
2 0.7379696738778162 0.2576410557897264 0.03630125243512968 0.04389784895838333
2 0.8002650743077351 0.2382763343281176 0.035462263858990324 0.03504967405832314
2 0.7659296333131352 0.22807902888352338 0.03191603747309114 0.03812420687045664
2 0.6694745304367106 0.2806317623044708 0.043736792092754495 0.04119873968259026
2 0.7042214468639638 0.29761476241861223 0.04196367889980507 0.036894393745603236
2 0.7390926605087408 0.3295899174607227 0.04078161304032422 0.040583722752796224
2 0.779874274509313 0.3302047412476239 0.040781603437838786 0.039354019995310165
2 0.8179962254421989 0.2803972545073755 0.035462263858990324 0.04796271186928433
2 0.7710086922203417 0.27886006397887375 0.04196368466129578 0.03873915482064619
2 0.6814664750161432 0.2622576350790759 0.030733962011125014 0.04365836593229723
2 0.8617670372666975 0.30685012938461487 0.033689150666040654 0.04673289874443078
2 0.8757379785077727 0.27716955537913407 0.035462263858990054 0.04734780530685748
2 0.9372568964857761 0.29412528199298515 0.03782641478292283 0.04734780530685759
2 0.973734673317755 0.3523414464745907 0.041963678899805075 0.038124206870456666
2 0.917005958952172 0.34098270674857895 0.037150400721826966 0.04242855280744355
2 0.8772845054711689 0.4368916527773766 0.03782641478292268 0.04181364624501688
2 0.8410467017517838 0.48577839166446535 0.04019054458139168 0.03566460821259254
2 0.9220188353672873 0.4390432441849162 0.04373681513871731 0.035664580620749835
2 0.8652960775958262 0.48155434818977016 0.034910714790841006 0.04058383312016339
2 0.9019623022544416 0.5094906353651806 0.03605330158997331 0.0448881790571506
2 0.9820091881080417 0.5365060446969199 0.033689150666040744 0.044888179057150666
2 0.5798989318963907 0.23106291289680653 0.03591692451779686 0.043989469465911556
2 0.6019491827515369 0.264882662401684 0.04455515645987837 0.03689448925582574
0 0.927899022499623 0.3856340690883669 0.0429643156201594 0.036572246985062264
2 0.9377891301822328 0.5310052930567187 0.036382169939080604 0.04745250225248201
2 0.9230818113543322 0.5365284085475236 0.04687016249471924 0.036572246985062125
2 0.8605464571165728 0.5357934591800029 0.03652779860093213 0.04507655200887037
2 0.8461366211566913 0.5473645994865184 0.04140197687033521 0.03711405805150747
2 0.8786627766477528 0.5744644949767737 0.0354130116626767 0.04280307424918426
2 0.8243940655170134 0.5898967347735761 0.04426626204004199 0.037114027661594814
2 0.7998653833363614 0.6282561701500942 0.04349367948227922 0.039593885624853664
2 0.7226532074506318 0.6471962958528711 0.03862925480333999 0.04405936144720556
2 0.8651522265180236 0.676817272116268 0.039201542849031136 0.04435705983536235
2 0.8176525488466515 0.6989958220712549 0.034623258008919466 0.04644094855245995
2 0.8654383789089036 0.7311472413130871 0.03920154005968584 0.04941793243402771
2 0.7426832025801127 0.733677690970623 0.04320753685410619 0.038998435415726784
2 0.7797386543328702 0.7445436754592446 0.032047974355363495 0.045845551776146465
2 0.7152134991181367 0.6914045064941551 0.03862925480334013 0.04376166305904888
2 0.7296873246487818 0.46236569736158356 0.04294584014959015 0.03903096158144531
2 0.786835232579415 0.4802963830935504 0.03800952674679108 0.04468017970507566
2 0.7448557554562325 0.49912328713541143 0.04146493826922681 0.03851739629747921
2 0.8347167145794557 0.5085287186727997 0.037960141549662006 0.044166614421109494
2 0.7877620968612769 0.5699978537809429 0.0340604850068651 0.045707310273008644
2 0.7700457186277432 0.535880143595161 0.04195856848671782 0.037391146273876505
2 0.7110743234835375 0.5633811049888764 0.038996787181772845 0.03800383101351258
2 0.7298322701442044 0.5970195619551855 0.0419585684867176 0.0354361198161625
2 0.7722844993241167 0.5875188634523955 0.03307326948344167 0.04211303309788617
2 0.7379771751487391 0.7795921010609725 0.04541398000915322 0.038003831013512436
2 0.8105408010800425 0.7600766433147467 0.03554137565933714 0.043139483853176314
2 0.8794022244399302 0.7991076164184401 0.03603500587682817 0.04622087555697463
2 0.7332876880825765 0.821447671704233 0.04097130805173606 0.04057165743334437
2 0.7880806309961642 0.8057839766322513 0.038009526746791235 0.04108522271731076
2 0.8296093172802756 0.8010404835668128 0.04442671957417169 0.03492248539870741
2 0.869035988268639 0.8407063813752207 0.038996787181772845 0.03903096158144535
2 0.8300392107107722 0.8468691532605689 0.033073224571883345 0.04416661442110907
2 0.7194660267549845 0.8607354159276615 0.03504774704583081 0.046220967734961226
2 0.7589564593920977 0.863303173214004 0.03702226631180977 0.04622087555697463
2 0.7342749453095894 0.9056722860967341 0.0399840476167546 0.04365304913714283
2 0.7794421021900755 0.9133758690564642 0.042452198704208396 0.037490265729546196
2 0.8060981451624688 0.8838458537061488 0.037515896529300506 0.04519374498904185
2 0.7513051797931002 0.9555766029369082 0.04146493826922679 0.04776157140887378
2 0.7883274364810035 0.9530087189058346 0.03455411522435568 0.04159878800127728
2 0.8270774294058276 0.9573740814307903 0.039984047616754594 0.04416661442110907
2 0.8231967282862677 0.9386309740318278 0.03565358515993497 0.042805685921853624
2 0.8572560085406055 0.9637388809734663 0.03554137565933741 0.04809750438156
2 0.8753214585143432 0.8704526452676293 0.04414035637766837 0.03813360242227575
2 0.9351832918581328 0.9379484426920541 0.04442671957417175 0.04057165743334472
2 0.9240757591228472 0.90909894473795 0.04047767783424533 0.04416661442110922
2 0.9303531980418153 0.8610430886916919 0.036035005876828376 0.04718392828125066
2 0.882610841705417 0.9180861758958863 0.04047767783424518 0.03954452686541174
2 0.9156840534454256 0.7379933130596953 0.043439459139190006 0.04108522271731076
2 0.9781907637401129 0.7022216846327103 0.03574387687235486 0.04586443483037996
2 0.9370853053369048 0.7821745507559404 0.03931826455959026 0.04214569687115983
2 0.9215962920255509 0.8267994062665803 0.03931826455959026 0.03718737959220007
2 0.9722334509280537 0.8881585825937105 0.04527557737164955 0.04338527619090002
2 0.9567444279379603 0.942080575017421 0.035743903972825994 0.04710459818016125
2 0.9873081783476991 0.9320363472236792 0.025383643304601786 0.04932907094517545
2 0.9764514477542161 0.8263849647528693 0.03664885961351156 0.04338527619089998
2 0.9787864872783273 0.797669181008873 0.036935339434766935 0.04090611755142007
