2 0.3348364205708998 0.22926047290129423 0.05073279099559084 0.045969966288691426
2 0.38620336396543997 0.23102854279523 0.044391192121141926 0.04243381503571509
2 0.3976182494279435 0.19154152620288073 0.04692783167092152 0.04596996628869139
2 0.4489852003109793 0.15028642825149105 0.04565951189603176 0.04832740045734219
2 0.44961936019842424 0.20214997996180956 0.04692783167092152 0.04361253212004055
2 0.49337636622238645 0.24163700801926333 0.05073279099559094 0.04479124920436597
2 0.5187427879299168 0.2127584337207383 0.04565951189603183 0.038897663782738866
2 0.5060595901810191 0.13319505345898158 0.04312287234625225 0.04950611754166763
2 0.589768695323744 0.10726325467361322 0.04819615144581135 0.04479124920436593
2 0.6684045101341664 0.060114565568044134 0.05073279099559087 0.04243381503571511
2 0.7483086671849657 0.04125509795138971 0.053269430545370394 0.040076380867064276
2 0.7146981837897666 0.07956339745941354 0.04946448994194039 0.038897663782738845
2 0.8041147372801154 0.03005728565029821 0.04819615144581135 0.03889766378273886
2 0.8542133571555177 0.030057285650298207 0.04946447122070111 0.04361253212004054
2 0.9131902379206359 0.029467927108135502 0.040586232796472645 0.049506117541667644
2 0.9708987989108638 0.033004078361111765 0.04946447122070126 0.0471486833730168
2 0.9410932692239623 0.06541876378474706 0.04819615144581133 0.038897686712948014
2 0.9747037338979222 0.09665478944957984 0.04185456380410619 0.0471486833730168
2 0.6544530038431224 0.11079940592658946 0.04819615144581135 0.03771894669841343
2 0.7007466456726164 0.128480167924023 0.04439119212114207 0.03771894669841343
2 0.5428408299545916 0.1644310217982915 0.03804959324669319 0.03418279544543715
2 0.6079577157235654 0.17273665559773296 0.0507327909955907 0.03940194975089296
2 0.6043543727349764 0.18446920076671905 0.052001110770480634 0.03889766378273883
2 0.6747461202413586 0.17503948702232486 0.04565951189603183 0.038897663782738866
2 0.6927709105373162 0.22834065887822763 0.04876349452967878 0.04714868337301689
2 0.6493797097665717 0.21157970517130828 0.04565951189603183 0.04596996628869139
2 0.6056226925098662 0.22926044997108502 0.04692783167092152 0.043612532120040584
2 0.4210822326598654 0.25106656125219323 0.04565951189603176 0.04479124920436593
2 0.39634991842031014 0.2876069685754025 0.04946447122070111 0.04479124920436593
2 0.29551850754931686 0.2746410663164421 0.053269430545370436 0.04007635220430275
2 0.2688837922766317 0.31707489568353797 0.05580607009514999 0.042433815035715056
2 0.22259012049315502 0.3500789740446497 0.05453775032026016 0.04714868337301688
2 0.27395706201557124 0.36068742207102616 0.04565951564027964 0.042433815035715104
2 0.15536916493550135 0.4296423887017202 0.05453775032026021 0.043612532120040584
2 0.6531846728354889 0.43435725130646957 0.04565951189603176 0.04596996628869135
2 0.689331778931352 0.24694121196851865 0.039317913021582884 0.050684834625993075
2 0.7375279341214107 0.28996440274405333 0.049464471220700974 0.04243381503571509
2 0.6925025970898155 0.3029302906716329 0.05073279099559102 0.04007638086706429
2 0.913190237920636 0.29703670525000586 0.053269430545370394 0.040076380867064214
2 0.8745064660652582 0.32650462662558893 0.049464471220700974 0.042433815035715125
2 0.8174320949164582 0.335345010490582 0.052001110770480634 0.04596996628869139
2 0.7743092113374623 0.3412385901796567 0.041854552571362544 0.04832740045734219
2 0.7172348476771575 0.3365237333074597 0.054537750320260016 0.04125509795138974
2 0.12112453850197323 0.47914849477828325 0.05453775032026021 0.0388976637827389
2 0.14649091902277728 0.5109738617876218 0.054537750320260196 0.045969966288691426
2 0.09575814300417779 0.5292439708621136 0.052001110770480655 0.040076380867064214
2 0.06975758761893747 0.5858223909097338 0.053269430545370415 0.042433815035715125
2 0.1591741317486664 0.6052712228011032 0.054537750320260196 0.03889766378273883
2 0.11922206258388642 0.5687309759893582 0.05073279099559087 0.03654022961408799
2 0.10844133326457982 0.6217732275863453 0.052001110770480634 0.0388976637827389
2 0.06658679192596088 0.644168886583842 0.05453775032026021 0.03889766378273883
2 0.051366950883035764 0.6954430797519978 0.0494644712207011 0.042433815035715125
2 0.1826380475841272 0.6388646597043778 0.04819615144581133 0.040076380867064214
2 0.13507605977000853 0.6518305648296142 0.04439119212114204 0.04950611754166765
2 0.09956309109610359 0.6871920486966154 0.04692783167092156 0.04007638086706436
2 0.16614989425480794 0.6860133430773945 0.0456595118960318 0.042433815035714986
2 0.1281002411001493 0.7172493572771225 0.04312287234625225 0.04125509795138967
2 0.1788330732824665 0.7272684381625075 0.053269438033866016 0.03771897536117515
2 0.03043967459735453 0.7467172729201537 0.05580607009514997 0.03889766378273876
2 0.08307494525528007 0.7390556061394858 0.04439119212114201 0.040076380867064214
2 0.1439542757287499 0.7585044437634079 0.05707438987003974 0.036540229614088135
2 0.10336804293227722 0.7932765862859031 0.052001110770480655 0.044791249204366036
2 0.05136693965029222 0.7797213168859516 0.052001110770480655 0.03418279544543708
2 0.045667282135131194 0.8276731791046967 0.060894889672907855 0.04521882102086991
2 0.03170801496560745 0.870341120724204 0.05073280971683013 0.03771894669841345
2 0.052635285634916915 0.9104174671959546 0.05200112574747201 0.04243383796592423
2 0.045025352008586914 0.9605129776750984 0.04946447122070111 0.04596996628869135
2 0.09702646277906755 0.9746575826870034 0.041854552571362495 0.04596996628869121
2 0.12683197748897723 0.9457790141210306 0.04565951189603181 0.0447912492043659
2 0.17566230005497696 0.9351705718272063 0.04439119212114198 0.04950611754166772
2 0.2187851499357421 0.9516725995426579 0.03931791302158296 0.05186355171031835
2 0.16298684633544372 0.9811405266507933 0.03679681395000218 0.03771894669841345
2 0.2967868273242067 0.9286876163983121 0.04565951189603187 0.053042268794643806
2 0.26571299283940725 0.9687639972653763 0.041854552571362474 0.04361253212004072
2 0.31138027497453846 0.9805511681086305 0.0444067325993408 0.0388976637827389
2 0.3392755322945183 0.9387067058825259 0.0393178980445915 0.04714867190791216
2 0.3640077753933646 0.9734788828003349 0.05073279099559087 0.04125509795138967
2 0.3969840895404987 0.9222046724345222 0.05073279099559087 0.03771894669841345
2 0.4312287234625225 0.8650368938447395 0.053269430545370394 0.04125509795138967
2 0.45152183986075883 0.9198472382658714 0.050732790995590804 0.04007638086706436
2 0.4248871245880737 0.9587449020486105 0.05073279099559094 0.040076380867064214
2 0.4705465990416269 0.9770150225882065 0.04819615144581128 0.04125509795138967
2 0.549182462527271 0.7943138372561765 0.04565951189603176 0.045969949091034475
2 0.7020149879129931 0.5296918833541574 0.041854552571362544 0.05186355171031856
2 0.7552844259468594 0.5420684127395743 0.044391192121141926 0.04125509795138967
2 0.7793824941812695 0.494919717901453 0.04439119212114207 0.045969966288691426
2 0.6328915676699961 0.8367476666232725 0.038049593246693124 0.04596996628869135
2 0.6728436405790241 0.8167094933873972 0.04692783167092159 0.04361253212004044
2 0.7717725642991872 0.7772224710624955 0.04439119212114207 0.04479124920436618
2 0.8719698302597269 0.7324312333232342 0.04692783167092173 0.04714868337301681
2 0.817432087427962 0.7960819386791499 0.041854552571362544 0.04714868337301681
2 0.7806508251889025 0.833211532567953 0.04692785413640815 0.048327400457342386
2 0.7248447513495048 0.8420519107003938 0.03931791302158302 0.044791249204366036
2 0.6601603642009217 0.872109202083244 0.04692783167092173 0.03889766378273876
2 0.7197714722499456 0.8968622551215257 0.04946447122070111 0.04596996628869135
2 0.7502110869393345 0.8662155192082278 0.03170799437224415 0.04361256651535435
2 0.7787482706416117 0.9062920032612334 0.04819615144581136 0.04361257798045917
2 0.747040336177332 0.9487258182969489 0.050732790995590735 0.0388976637827389
2 0.8212370767066145 0.9392960758897929 0.04439119212114207 0.04125509795138953
2 0.8713356741165296 0.9398854115017465 0.05073279099559102 0.04479124920436618
2 0.8554816919073991 0.8862537841649398 0.0545377503202603 0.03889766378273876
2 0.8231395151822227 0.8526603644593223 0.043122872346252165 0.04950611754166758
2 0.9093852785959666 0.8909686696998986 0.04312287234625231 0.04832740045734212
2 0.955044771770759 0.9204365853429295 0.04565951189603183 0.04596996628869135
2 0.9806931946832236 0.8821282915674581 0.0386136106335529 0.044791249204366036
2 0.9461665520677701 0.8479454961220207 0.04565951189603183 0.044791249204366036
2 0.8878238424228405 0.8414625521582311 0.043122872346252165 0.04125509795138953
2 0.8624574431807973 0.8243711830982738 0.04312287234625245 0.044791249204366036
2 0.8808480836609468 0.7943138687852143 0.04692783167092159 0.03654022961408799
2 0.712795713488052 0.660529479714279 0.04565951189603183 0.04479124920436583
2 0.6500138846310081 0.6434380819915604 0.041854552571362474 0.043612532120040515
2 0.8028464175052258 0.5438364883660625 0.03804959324669298 0.04714868337301667
2 0.8402618302711106 0.5668214772429605 0.03931792425432651 0.043612532120040716
2 0.8104563361545644 0.47547089747518806 0.04565951189603183 0.04714868337301681
2 0.8986045492766601 0.4866687269739364 0.04946447122070111 0.05068483462599303
2 0.9347516628610185 0.5632853145248796 0.045659511896031686 0.04125509795138981
2 0.891628812980253 0.5809660707897608 0.04565951189603183 0.045969966288691495
2 0.8478717283270862 0.5126004913639911 0.041854552571362405 0.04832740045734227
2 0.8466034497389228 0.615738230509913 0.04692783167092173 0.04479124920436611
2 0.8821163585048624 0.6522784658565535 0.044391192121141926 0.04950611754166772
2 0.9277759190761159 0.6275253784229581 0.04692783167092145 0.04007638086706429
2 0.9787907225093843 0.6180956331495262 0.04241855498122993 0.04950610034401065
2 0.9233367736542669 0.6793889301332763 0.0456595118960317 0.04243384943102921
2 0.9734354234836522 0.7011952363211627 0.04439119212114207 0.04596996628869135
2 0.9296783949942031 0.729484429147316 0.04312287234625231 0.03889766378273876
2 0.9265075955569785 0.7842947735684481 0.039317913021582884 0.04714868337301667
2 0.9766062266651246 0.7453970983206046 0.04312287234625231 0.03771894669841345
2 0.9550447605380153 0.8043329640019801 0.03551295369691359 0.042433815035715125
2 0.8041075981313301 0.40061825710611165 0.0436799179556607 0.04981999868864093
2 0.8507656747272995 0.36740493362085913 0.04963627040415986 0.04612962841540821
0 0.5996061464822507 0.8809855586882469 0.05559262285265909 0.04981999868864093
0 0.593649770588497 0.8210170148266918 0.04765081958799335 0.05166518382525723
0 0.5986134327967947 0.4335281810064701 0.057578073668825516 0.05166518382525723
0 0.3841847563734514 0.8772951525196485 0.049636270404159785 0.04612962841540821
0 0.500333605673931 0.18544110622994112 0.043679917955660626 0.04612962841540824
0 0.620453409358566 0.07380744136001917 0.04566536877182706 0.044284443278791906
0 0.9745227392024545 0.4280829606688301 0.050954521595091534 0.05166518382525724
0 0.9401109145642786 0.5212648010941132 0.04963627040415986 0.046129628415408276
0 0.8815409683084978 0.536026237317836 0.051621750526894224 0.03874888786894303
0 0.6065552243388331 0.6688796120234195 0.057578073668825454 0.04612962841540821
0 0.668104176194737 0.6771829271905102 0.04963627040415986 0.04059407300555918
0 0.6919296299485859 0.7233126049620465 0.04169447300080754 0.06273635746184565
0 0.736602223491164 0.7546807208760788 0.043679917955660556 0.04428444327879177
2 0.7356095156670215 0.7076284639969966 0.041694467139494124 0.04981999868864093
2 0.7207186462684007 0.788816645903481 0.051621721220326294 0.04243925814217547
