2 0.35220182589007576 0.3596502363507853 0.041311633702945584 0.04896209427197903
2 0.4062585251016524 0.32972896974687615 0.0404326627730957 0.045335272474054694
2 0.4475701406407282 0.3587435573592379 0.04043266277309569 0.05258895134714834
2 0.521843202376915 0.3814111803672984 0.04482751742234512 0.05258891606990325
2 0.30913223346097995 0.4190394388821413 0.051859292645660054 0.04805538882249799
2 0.27529184876950075 0.459387842408189 0.04922238245094899 0.043521865984747915
2 0.2546360293231895 0.5024563578730242 0.05185928486114445 0.042615156125611335
2 0.22562999123298114 0.5382712407661497 0.04306957556264539 0.0507755051709411
2 0.2032162506856781 0.5858732504059735 0.04570648835219512 0.049868799721460064
2 0.29858458619503886 0.6012872518664634 0.05185928486114445 0.042615156125611335
2 0.268699569390465 0.6375554742553625 0.05010134300144465 0.03898833432768683
2 0.3464884992770202 0.6343820095918344 0.04394855168217236 0.045335272474054646
2 0.3732971152322808 0.4036254153733735 0.041311633702945515 0.049868799721460064
2 0.4172456539402606 0.4013586870269155 0.041311633702945584 0.0507755051709411
2 0.47656786324965644 0.4004700523796497 0.04043266277309561 0.056766104124261994
2 0.4299907402075999 0.44125370034615 0.04746443021189499 0.03808162887820586
2 0.49283712276929026 0.44034704560770854 0.044827532991376436 0.043521883623370256
2 0.5266775061633503 0.47298843076488906 0.04219060463279533 0.04896209427197896
2 0.4585572863457868 0.4811487577619403 0.05361725526406799 0.045335272474054576
2 0.502505822458928 0.5128834661324012 0.043069583347161024 0.04714868337301674
2 0.5987531561439434 0.4330933689394426 0.03515883719399625 0.04533525483543208
2 0.562715337640743 0.2667129564417348 0.04746443540157228 0.046241982333191205
2 0.5555096276651404 0.18904808621680771 0.04746443021189499 0.05168221062042225
2 0.5902289897735659 0.1668338115238322 0.041311633702945445 0.04714868337301681
2 0.6504384880889303 0.19176820256525104 0.04746443021189492 0.03898833432768701
2 0.5889104866716977 0.2253163262443293 0.04043266796277286 0.04624200438146961
2 0.6311011146580399 0.24753058770833825 0.042190604632795614 0.04170845067613023
2 0.6785655318957421 0.24798394043307875 0.0509803139312946 0.03898833432768701
2 0.7374566049543938 0.14960639034506895 0.040432662773095845 0.047148683373016774
2 0.7809656659819642 0.1450728586880078 0.044827532991376325 0.043521870394403486
2 0.8152508977156739 0.16693604317325586 0.036048596149421054 0.04735317312979831
2 0.7647047011849025 0.1922215376513691 0.04746443021189492 0.041708450676130264
2 0.6034135199884136 0.286065564901629 0.039553691843245746 0.044428567024573554
2 0.6451646443459614 0.3041996783009065 0.04394854649249531 0.042615156125611266
2 0.6047320075212508 0.3300407571531839 0.04043266277309556 0.04170845067613019
2 0.648680528065361 0.34636145524384354 0.049222372071594765 0.03989503977716808
2 0.7115269754980141 0.27745181462534696 0.043069575562645214 0.03808162887820586
2 0.7480042613022698 0.24526381085566862 0.04394854649249524 0.03898833432768701
2 0.7519596149175635 0.2892390295651572 0.039553691843245815 0.041708450676130264
2 0.7225141069314611 0.3191603049883776 0.047464430211895066 0.03808162887820586
2 0.7915133067608093 0.30782648246020833 0.04482751742234512 0.048055388822497956
2 0.7022977833294288 0.3640422379666586 0.047464430211895066 0.042615156125611335
2 0.7493226995331752 0.35724191402313316 0.048343406331422194 0.041708472724408446
2 0.7239230054932497 0.4210488687124606 0.05226182524720754 0.04182441296063242
2 0.8211225418342382 0.3505438459821365 0.04427593839102881 0.04463301709445416
2 0.7989587003840002 0.4211775624382602 0.04043396256912965 0.05538235453344376
2 0.7809656607922874 0.4769270421739489 0.04482751742234512 0.04714869660198369
2 0.5757259590516884 0.48508741547238443 0.03867472091339586 0.04896209427197903
2 0.6183560335803776 0.4846340539283326 0.04482751742234505 0.0462419779235357
2 0.6680179066859284 0.5041282299114873 0.0404326627730957 0.050775505170941246
2 0.7717364582443474 0.5277025539593736 0.04922237207159469 0.05258891606990339
2 0.7172402787575232 0.5526369714587257 0.03691677905369602 0.048055388822497845
2 0.6785655448699345 0.5635174368524989 0.03867472091339593 0.044428567024573554
2 0.551993743945741 0.5458366805876176 0.04570648835219508 0.04714868337301681
2 0.3432381481063883 0.6827492034592626 0.05537516858054406 0.0417084506761303
2 0.29445526149971846 0.6863760252571868 0.04394854649249531 0.04896209427197888
2 0.251825171401998 0.7113104251179169 0.05010134300144457 0.04442856702457377
2 0.16260962980674812 0.7104037108491247 0.04570648835219512 0.055309032418346504
2 0.15909370716477067 0.7580057248986038 0.049222372071594765 0.04170845067613015
2 0.21007405223412753 0.7398716467765715 0.04746443021189492 0.05258891606990332
2 0.2531435992535491 0.757099028268434 0.04570648835219508 0.0417084506761303
2 0.30412392875387473 0.7444051607950102 0.054496197650694175 0.050775505170941246
2 0.36565190941239933 0.7475786254585383 0.0509803139312946 0.04986879972146028
2 0.1911761772423545 0.8091385028842302 0.046585459282044966 0.04986879972146013
2 0.24611186035797364 0.8014315065636407 0.05449619765069422 0.04352186157509252
2 0.33840378982834407 0.7896443092624529 0.05625413951039402 0.03989503977716808
2 0.29709216390991405 0.8213790352715361 0.047464430211894955 0.052588916069903464
2 0.25534106809559026 0.8467667658087286 0.048343401141744805 0.04714868337301695
2 0.20216330608096275 0.8558338203035396 0.050980313931294534 0.045335272474054736
2 0.32214281205708967 0.8621807099436956 0.039553691843245815 0.04352186157509252
2 0.36740984608242216 0.8345262201924558 0.050980313931294534 0.04986879972146013
2 0.2856709371320717 0.9800524801114159 0.05099108379299906 0.03989503977716808
2 0.3111556910029971 0.9415174852795026 0.05273825579099437 0.048055388822497776
2 0.3454355624568203 0.9084227363734427 0.04746443021189492 0.04352186157509252
2 0.3893840959751232 0.8839416848277978 0.056254139510394055 0.04714868337301681
2 0.4447592827195369 0.8821282871578022 0.04922237207159469 0.04533527247405459
2 0.4812365516573419 0.8490335338420869 0.050101324837574956 0.04986879972146013
2 0.4549481953976205 0.7315270981728658 0.052738273954863794 0.043521861575092594
2 0.5034223006357308 0.7336911397817808 0.04162412194055623 0.048962094271979104
2 0.532321379145832 0.6845601685086831 0.04164075076620695 0.04885039531634317
2 0.5889029424339359 0.6803602770148949 0.0367418389113594 0.05053489170656235
2 0.618296400305973 0.6214028951648878 0.046539669852173414 0.040427913365249826
2 0.6750421377275992 0.6083480563330431 0.04572318695340526 0.039585665170140456
2 0.6583041888902028 0.6513027142836214 0.0334758976747942 0.04295465795057801
2 0.6301354505455727 0.6786757806246762 0.03755832422050077 0.05053489170656235
2 0.5517528367642788 0.7216304426714292 0.03755832422050077 0.04885039531634362
2 0.615438714981029 0.7271050313625884 0.04572317731191397 0.042954657950577936
2 0.6632030862828142 0.7178403135049112 0.03837480952964199 0.0429546579505778
2 0.6954542632250147 0.6715166750624217 0.044090206693631305 0.03621667238970303
2 0.749750550745149 0.6374055985834401 0.0367418389113594 0.052219388096781005
2 0.7864923800150172 0.6630941562457501 0.0367418389113594 0.048008147121234114
2 0.8216012434873489 0.5460216898949498 0.04164075076620748 0.05137713990167171
2 0.8697738887785502 0.5472850621876141 0.04164075076620733 0.0539038844869998
2 0.8277248857162814 0.4938023017981687 0.0424572360753487 0.05137713990167171
2 0.7277054160634868 0.7001531218884897 0.04327374548821841 0.03958566517014055
2 0.5258165101625378 0.7709084868340753 0.044090206693631374 0.0437969061456873
2 0.5825622511997228 0.7629070880187825 0.05143856483441289 0.044639154340796766
2 0.5669363930875009 0.7990500650570506 0.03819201580941479 0.0500446090600013
2 0.5988919429203129 0.8117575181526162 0.04653966262105543 0.046323663019541744
2 0.5560264955252393 0.8526065658558596 0.050622089166761836 0.0471658989261249
2 0.645431640491772 0.7848055861495541 0.04490671851687358 0.04800814712123407
2 0.6907283745551763 0.7511388059264948 0.04014704422376548 0.053483423162169925
2 0.7760692863388253 0.7119511172725946 0.040007780147924735 0.0539038844869998
2 0.8728227785994614 0.634885419708612 0.04082427991930396 0.053061636291890334
2 0.8238336672821016 0.7068976199095875 0.0424572360753487 0.0471658989261249
2 0.8364891919841648 0.7515367619618584 0.04817263323933787 0.04042791336524999
2 0.7785187398558765 0.7557480070335804 0.04490669200277253 0.037058920584812395
2 0.811178154631902 0.7915435430372026 0.044906692002772815 0.042954657950577936
2 0.7309875072904407 0.7929964101558151 0.040531397888922224 0.04885039531634328
2 0.6613530883526062 0.8349193414700369 0.044090206693631305 0.043796906145687445
2 0.6299184123869681 0.8728205348270069 0.04000777291680754 0.043796930722740685
2 0.6723756388208273 0.8825063747341539 0.04490669923389121 0.04295467023910361
2 0.7250389448760001 0.8475530234349238 0.04082426545706599 0.05053491628361509
2 0.7888452393428191 0.7990354166649368 0.04000778014792439 0.05053489170656216
2 0.8499611863279459 0.8176532616626438 0.048989135421089465 0.042954657950577874
2 0.8009720738053988 0.8403939547382465 0.040824279919303 0.05137713990167163
2 0.7634137423537802 0.9069315662480634 0.04245723607534856 0.049692643511452986
2 0.8054627430056766 0.8921922269298247 0.048172633239338014 0.0437969061456873
2 0.8524106506916752 0.8660825328814343 0.053888030403327035 0.0471658989261249
2 0.6797240319120127 0.9397792704343808 0.051438574475903207 0.049692643511452986
2 0.7229977123201671 0.9650467285761877 0.04164075076620748 0.05137713990167171
2 0.7744363157205427 0.9583087143420859 0.048172633239338014 0.048008147121234114
2 0.8205677284559088 0.9372524848872996 0.0473561479301965 0.04463915434079681
2 0.8695568542355064 0.9208286696597189 0.0473561479301965 0.05558838087721853
2 0.8266913646589095 0.4484971966651426 0.044906704054636606 0.04632365073101548
2 0.8524106531020472 0.40638475414027186 0.04735615757168782 0.04295465795057787
2 0.882839360256928 0.9764170505369375 0.044916696240187834 0.047165898926125036
2 0.9296169677505624 0.9308187379022307 0.045475636844971336 0.04969264351145261
2 0.9052877017292333 0.8782951358066949 0.050622098808253024 0.049692643511452805
2 0.9716963760967642 0.8983889390736324 0.03919129483878298 0.0539038844869994
2 0.9718312447827604 0.9570453379532463 0.04164075076620719 0.05053489170656235
2 0.9238531272934043 0.6413720005757869 0.04653966262105527 0.049692643511452986
2 0.9784603911568138 0.704784206094764 0.04307921768637229 0.0451263361123452
2 0.9328344656939589 0.5950483498447714 0.04817263323933773 0.05137713990167171
2 0.9450817453310785 0.5200882604800373 0.051438574475903207 0.04800814712123419
2 0.9095646343834312 0.4792392230172327 0.05225505978504444 0.0471658989261249
2 0.8960926074996172 0.43123109228069967 0.04653966262105541 0.04885039531634348
2 0.8895607322576052 0.5878891828398871 0.036741838911359535 0.04211240975546857
2 0.971617510647052 0.5680964035050945 0.04735616721317966 0.04632365073101532
2 0.9667185650469875 0.635055147304817 0.035925353602218164 0.052219388096781075
2 0.9234448798180855 0.38280179034059536 0.04898912818997075 0.04127013288713167
2 0.9728472371139115 0.4112607080510597 0.0481826447078716 0.04428410839811205
2 0.7576983668831455 0.09685854243757777 0.05225505978504458 0.04548140253590609
2 0.8111781474007839 0.09264729736585559 0.048172633239338014 0.04716589892612484
2 0.8605755158349518 0.07664458575495285 0.039191294838783364 0.05221938809678107
2 0.9054821909651137 0.07243335297175651 0.04898911854847912 0.0454813697665034
2 0.950388893814565 0.07032773248398312 0.042457243306467364 0.05306163629189038
2 0.9291602721613319 0.11707249092785207 0.0473561479301965 0.04042791336524987
2 0.8879277664600675 0.12170482732772638 0.04164075076620733 0.051377139901671726
2 0.8458787585770534 0.13054846204960188 0.03919130930102013 0.04716590711847535
2 0.912830558747387 0.16465947298977823 0.04245724571684042 0.04463915434079666
2 0.9618196941684748 0.15455248031185234 0.040824265457066085 0.04969265579997892
2 0.9369168970604109 0.20677189912994826 0.049805603857620326 0.046323650731015464
2 0.9671268414467743 0.2463575090017216 0.04327374066747345 0.05306167315746882
2 0.8965008694371701 0.232039377752632 0.0473561479301965 0.04295465795057801
2 0.8691486139913082 0.2627814368741238 0.04653967226254615 0.042112409755468566
2 0.9275273160052839 0.2669926041185149 0.04082426545706588 0.0522194208661839
2 0.8348562285970003 0.2914178755078427 0.04653966262105541 0.04211240975546865
2 0.8703733395446477 0.35416536604349097 0.04572317731191404 0.04632365073101539
2 0.9169129852930942 0.33689927394757346 0.04898911854847924 0.050534891706562314
2 0.878538178173825 0.30868396350758487 0.04735614793019664 0.04127016156035921
0 0.7152396649279201 0.11008366086108522 0.04676336451330911 0.047002012502485827
0 0.6756706641858894 0.129255534381836 0.04436524325621633 0.05318648783176028
0 0.6313054315490301 0.14409825111011842 0.04916148577040189 0.045765117436630955
0 0.6960546913313924 0.17007302343109473 0.04196712199912355 0.043291327304921176
0 0.8729161375817702 0.18553424183175132 0.05036054639894829 0.047002012502485827
0 0.8441386824966568 0.21954887418924302 0.0479624251418555 0.05071269770005049
0 0.7997734533995832 0.2560372966784445 0.04316618262767008 0.049475802634195605
0 0.9670423792237333 0.30365774468286966 0.04196712199912355 0.043291327304921204
0 0.717637786185013 0.21460129392582344 0.04916148577040189 0.04329132730492116
0 0.5131979490178539 0.22635179705144487 0.047962425141855364 0.04700201250248579
0 0.7967757699701462 0.3927141834089276 0.05155960702749482 0.0457651174366309
0 0.6846636401387013 0.41559672408076076 0.0479624251418555 0.04205443223906627
0 0.6379002543866783 0.4384793188920409 0.04316618262766994 0.050712697700050456
0 0.556364128105738 0.4304394588555256 0.04796242514185543 0.049475802634195605
0 0.3375355669358081 0.46507250866847427 0.04676336451330911 0.047002012502485827
0 0.3932918790836438 0.4953764618438953 0.05515678891313385 0.0457651174366309
0 0.43765714711835985 0.5188774921571145 0.04556430388476272 0.04081753717321135
0 0.46343693293317884 0.5547474370359182 0.05155960702749468 0.045765117436631045
0 0.40408343182013257 0.6468961194421076 0.04556430388476265 0.047002012502485896
0 0.4376571081807175 0.6104077089838942 0.052758667656041 0.0457651174366309
0 0.49281391833256527 0.6153552952628079 0.04316618262766994 0.045765117436630975
0 0.5389777525316012 0.5906173518372515 0.04916148577040189 0.04329132730492105
0 0.5863406013419697 0.58010380994792 0.04556430388476272 0.04452822237077605
0 0.613919031196393 0.5442338289761515 0.043166182627669934 0.05442334680465089
0 0.7398203936539783 0.5869066425777104 0.04316618262766994 0.04081753717321135
0 0.7290288621562035 0.4731123626894954 0.03836994011348437 0.06308164835859933
0 0.7853847063882055 0.6017494615693922 0.047962449920355116 0.053186487831760304
0 0.8501340068781031 0.5906173578527455 0.045564325123476676 0.04329132730492113
0 0.8273518513959357 0.627105786357441 0.03357369759929881 0.0395806421073565
0 0.9286724568091772 0.6982272646750854 0.05155960702749468 0.04823890756834075
0 0.4184721593626892 0.8361114037742271 0.04556430388476272 0.050712697700050456
0 0.4616383419903592 0.8101366073912744 0.052758667656041 0.050712697700050595
0 0.7308274530990232 0.7458180399048439 0.04676336451330911 0.04823890756834075
0 0.6996518767568171 0.6419188784350094 0.04676336451330897 0.02350100625124277
2 0.6456941236937297 0.5578396807160496 0.03237463697075242 0.049475802634195605
0 0.7236330964073163 0.8917716576757206 0.04436524325621633 0.04576511743663076
