0 0.3144843372471705 0.053495621519384445 0.04560818381662163 0.04170845067613024
0 0.27623176879563593 0.09059189320600158 0.05091146100460105 0.04714868337301678
0 0.3420613786246626 0.11605829753357981 0.05197211644219685 0.04714868337301681
0 0.4205498810067557 0.0707230250595252 0.04348687294142998 0.03808162887820588
0 0.4380506957270873 0.13011221877156987 0.046668839254217574 0.0462419779235357
0 0.48365886388773305 0.15368656045807835 0.046668839254217505 0.04080174522664914
0 0.5987399851292732 0.16411368635607768 0.04348687294143005 0.04170845067613021
0 0.5722236054517676 0.20582211939358547 0.04560818381662166 0.050775505170941176
0 0.6220743421324778 0.19992852956230273 0.04136556206623822 0.040801745226649117
0 0.6072251941868927 0.24481044049230566 0.045608183816621725 0.04170845067613023
0 0.5048719882956262 0.26657139112330214 0.046668839254217644 0.043521874804059314
0 0.46297609851058996 0.3001195037782415 0.049850805567005024 0.04352186157509248
0 0.25190566642901513 0.3817229942315399 0.05197211644219688 0.04714868337301674
0 0.20311551943080106 0.40711073799769915 0.05197211644219678 0.03989503977716808
0 0.24713269817266245 0.4370320310595421 0.05303279692935453 0.04533527247405461
0 0.292740853808527 0.42025797142483073 0.050911461004600936 0.044428567024573554
0 0.6194227755559782 0.4415655538972919 0.050911461004600936 0.03989503977716801
0 0.8320725420294194 0.39759031754918067 0.051948831437922366 0.04080174522664909
0 0.2651638797517323 0.48962096476806805 0.048790153260604444 0.03989505741579038
0 0.16811388685894277 0.49778129176511965 0.05409342731738855 0.04170845067613023
0 0.10871718235357497 0.5082084044341522 0.05197211644219681 0.0389883343276869
0 0.26066597534732605 0.6623745938394887 0.05335032699880786 0.044004994504415036
0 0.3155449551104235 0.6596282144974945 0.049850805567005094 0.042615156125611335
0 0.6565457158718331 0.7289911813827982 0.04879015012940926 0.03989503977716822
0 0.6899563465001262 0.709497023038266 0.04985080556700524 0.042615156125611266
0 0.7175333878776188 0.6718687601137674 0.04772949469181342 0.0507755051709411
0 0.23466419431701396 0.796444626591495 0.044028843162364856 0.04442856702457346
0 0.31607532040356423 0.7846574557482405 0.04879015012940922 0.042615156125611404
0 0.30812040462159535 0.9650918401949778 0.0540934273173886 0.0462419779235357
0 0.39191218419166773 0.868981062549982 0.056214738192580216 0.03717492342872461
0 0.45608185069099805 0.8911953504719244 0.04454752837902583 0.045335272474054736
0 0.4465359392278542 0.9333571494631397 0.05303277187979262 0.042615156125611266
0 0.5658596759573876 0.8921020515117499 0.04985080556700517 0.04533527247405459
0 0.6533637495590456 0.7900976884451271 0.046668839254217574 0.04624197792353556
0 0.35425890363223417 0.8286326700480734 0.04879015012940926 0.03989503977716808
0 0.19122160898509755 0.7121116452897549 0.04061902963953856 0.027601244485034922
2 0.024345940090178174 0.031927787680152996 0.048691880180356355 0.041151439177788324
2 0.07497441655584908 0.029799286188554302 0.05145846428151296 0.04257045432185
2 0.13915918028817756 0.02790729783321277 0.04260539515781183 0.04540848460997332
2 0.19393754189522247 0.03145479855050279 0.04924519700058761 0.04020548214298171
2 0.2583989514521718 0.03689439374560332 0.047585246539893725 0.042570454321849985
2 0.23488298119855677 0.06669360034230587 0.04703192971966238 0.03784047812737278
2 0.15717380143190046 0.0759999033231876 0.04537034510630234 0.039123514002338704
2 0.2005773239607917 0.09625647421094849 0.042605395157811705 0.04493564935790309
2 0.13860584369073967 0.2828570187162922 0.05145846428151296 0.03784040384164445
2 0.08715867471009325 0.32780291566086395 0.04149876151734906 0.04446247451393215
2 0.03928548704471241 0.3209339038574531 0.047585246539893704 0.040205429081747186
2 0.09662221416027467 0.3466618497719107 0.041908303507773026 0.04772721280673941
2 0.025452562943073628 0.38502611970097894 0.044265345618505786 0.04351646441789106
2 0.02139596297977317 0.4601095642628219 0.03790405253808727 0.04455333790910666
2 0.12239849015798296 0.4620721484539868 0.048959401195029485 0.038477882739683056
2 0.06949075272282088 0.4887366158514127 0.04738008106811814 0.03915293331406344
2 0.021715860867361055 0.5150635428163484 0.04185239134413811 0.04320323676034597
2 0.06475275128739619 0.5386903129196625 0.04264205910534821 0.043203297341545974
2 0.11410697096752187 0.5518537991200803 0.04659039791139904 0.04117808503720468
2 0.17384092959285474 0.5296000580876844 0.05485573762559772 0.03645273101654177
2 0.057295301054496026 0.6071507114537007 0.0435302026759312 0.046081466913465
2 0.15240587021580512 0.5964071824650873 0.052118072239870125 0.04117808503720461
2 0.20610327284625918 0.587631524998142 0.045800730150188936 0.043878287334726235
2 0.10463096039891816 0.6220590285650424 0.0434317268665584 0.0452283884834869
2 0.14806268469955847 0.6473734705402078 0.048169733433819355 0.03510262986778102
2 0.2021549468697992 0.6659373916262689 0.04422139462776855 0.04522838848348712
2 0.25664202239329936 0.6770756352317455 0.04738006567260914 0.04455345907150699
2 0.15516970738004063 0.692939414601485 0.04974908435174856 0.03712778159092206
2 0.2255646707681354 0.6989809791589369 0.0489594345519653 0.035777816749861684
2 0.0979187959752636 0.6963146674733868 0.04580073784794339 0.041178085037204666
2 0.03829887743797888 0.7563941685932428 0.04185239904189258 0.04387828733472597
2 0.1069999662484668 0.75166878428198 0.04974906895623967 0.035777680442161286
2 0.1408180947108379 0.7516687636666791 0.03948338806050753 0.04252818618596541
2 0.26453881547171804 0.7182530993116493 0.05053873158561348 0.03645273101654197
2 0.22702947621608238 0.7466058292476271 0.05290774000108027 0.03645282188834195
2 0.2783578858265789 0.7607819367455154 0.04343172686655844 0.04320323676034576
2 0.30629297667967775 0.7570293158883277 0.04110309704670259 0.040456199186912054
2 0.3229741040712801 0.7064404109437933 0.05053873671744984 0.038477882739683056
2 0.2502259376244612 0.6100307602171611 0.041852391344138026 0.04725354020662827
2 0.25308851746785394 0.5653547954623884 0.04974906895623967 0.035777680442161355
2 0.29533574269259727 0.541053035365894 0.04895940119502953 0.04117808503720468
2 0.3590589589099082 0.568290468298311 0.039483388060507496 0.039827983888443746
2 0.3024427448457342 0.599444910049799 0.044221394627768626 0.03645273101654176
2 0.3391622662339474 0.6217215941496523 0.04185239904189251 0.04320323676034582
2 0.3975977177693121 0.6304972364712976 0.0418523913441382 0.04590343905786746
2 0.39720287619095246 0.5842562266903399 0.04264205910534827 0.04522838848348712
2 0.4430036037752232 0.5707552606386318 0.047380065672609245 0.04387828733472632
2 0.47856997339464896 0.5629232696678643 0.040331425945136334 0.04422044577046371
2 0.4314689429657068 0.6303459007354902 0.04264205910534814 0.04522838848348689
2 0.44576744350537695 0.6598619364568452 0.04816973343381932 0.042528186185965496
2 0.5006493580413186 0.6733629479444532 0.04738006567260911 0.04522838848348698
2 0.3695645122463516 0.6858513835704906 0.0458007301501889 0.04185313561158509
2 0.4169445702212064 0.6858513835704906 0.041062723582927986 0.04185313561158509
2 0.4714316534424614 0.7071154766634734 0.0458007301501889 0.042528186185965496
2 0.5231548969335627 0.7277044888914755 0.04659040817507187 0.04320317617914565
2 0.3778560186072217 0.7297296557599169 0.0402730558217177 0.04455333790910657
2 0.4169445702212063 0.7442432582543959 0.039483388060507704 0.04792859078100875
2 0.04895940119502949 0.808035537533344 0.047380065672609196 0.039152933314063464
2 0.11410697866527635 0.7992598043398985 0.04501106238897872 0.03375252871902021
2 0.16898888293754566 0.8036476936545712 0.044221394627768626 0.04387828733472601
2 0.21044644553291492 0.8353750857957504 0.04185239134413809 0.04387828733472632
2 0.26886967985023724 0.8585728203864419 0.04106272358292791 0.0418531356115849
2 0.13503317946918172 0.8441506978267952 0.044221394627768584 0.04387828733472618
2 0.07857188065837446 0.8421256218301546 0.05132842500600525 0.03847788273968301
2 0.04185237594862917 0.8907292328949435 0.04895940119502948 0.038477882739683056
2 0.09081176944590422 0.8924168138949944 0.05053873671744979 0.03915293331406332
2 0.18557262143306588 0.8685785806180548 0.03948338806050759 0.043878287334726235
2 0.2520373192213293 0.9041561312096175 0.04343172686655825 0.0459034390578673
2 0.31981545868562083 0.9123308815657163 0.0473800656726092 0.03712778159092224
2 0.2183431359746073 0.9760357046094955 0.045011062388978756 0.04252818618596535
0 0.26651283091965433 0.946333449046158 0.04816973343381932 0.035777680442161425
2 0.36324717015667046 0.7759706352502747 0.04422139462776862 0.04522838848348698
2 0.4062840426152785 0.794872051332926 0.04185239134413812 0.04252818618596521
2 0.40036154723579315 0.8350374847820597 0.04106272358292792 0.03645273101654183
2 0.44813644678900727 0.8218740743081421 0.0418523913441382 0.04522838848348698
2 0.4884094974788886 0.858326805324684 0.0434317268665584 0.04522838848348712
2 0.48840951030847973 0.793521950184165 0.04027305582171785 0.04522838848348698
2 0.24084865947134215 0.5289021250270467 0.05053873671744977 0.03712778159092238
2 0.3162619383646663 0.5066254560724933 0.04974906895623963 0.039827983888443864
2 0.36719549613313035 0.512700911241917 0.04106272358292792 0.04792859078100867
2 0.40273054282166926 0.5218141545772526 0.034745381493246796 0.04185313561158509
2 0.45840213538249386 0.5248518215807643 0.04974906895623974 0.038477882739683056
2 0.4990700173870623 0.4991998997543089 0.04422139462776855 0.03847788273968298
2 0.45958663702430913 0.46882262390719076 0.045800730150188824 0.043878287334726235
2 0.4331327721556047 0.42021894468855153 0.04974906895623956 0.03982805961494405
2 0.49433201081980116 0.405705395202623 0.041062723582927986 0.04455333790910664
2 0.5235576147886669 0.4370260877626808 0.039499253514397994 0.04644020162558627
2 0.40865305103074534 0.3884916661371228 0.05606641104592087 0.035777680442161355
2 0.46896330715843804 0.3409502609802898 0.04721675618867661 0.045903439057867416
2 0.4493209381671502 0.2625946279980772 0.04580073015018897 0.03780283216530258
2 0.535402350521668 0.31203725799746956 0.043066780915172714 0.04971064778723007
2 0.5811954645529184 0.3186238711075508 0.04580073015018891 0.04320323676034587
2 0.5409223471491648 0.34832600550848847 0.04580073015018884 0.0432032367603459
2 0.6179150128832721 0.3618271078678967 0.05448707552350065 0.03915293331406353
2 0.4528918093599664 0.11022919440077966 0.04659039791139877 0.04860364135538917
2 0.518811708851398 0.12184662867566289 0.04264205910534827 0.049278691929769476
2 0.5606641001955363 0.13298496315293964 0.039483388060507635 0.04455333790910668
2 0.5610589315102231 0.3982798388844385 0.045011062388978826 0.043203236760345834
2 0.6238375313560209 0.4023301423307209 0.04895940119502953 0.03510262986778102
2 0.574878122463237 0.4424956060704549 0.04580073015018891 0.04252818618596543
2 0.554737317190303 0.4726876174644861 0.05639348817501665 0.03745107877626118
2 0.6716124309092354 0.4171812549670898 0.0450110623889789 0.04185313561158516
2 0.7142544797509109 0.29600966172050724 0.04816973343381932 0.042528186185965496
2 0.7411617095323841 0.33513309784465284 0.042642059105348 0.04522838848348716
2 0.8024024794807795 0.31962455127294365 0.05036180719526402 0.05238674730300089
2 0.8309512702954305 0.34520809531167534 0.04264205910534812 0.04455333790910657
2 0.7306406526548436 0.4205402038371679 0.054487075523500475 0.038477882739682924
2 0.8060194478078476 0.38744694796367235 0.0450110623889785 0.04185313561158492
2 0.7297041856746402 0.43262358745878066 0.045563122424103014 0.042528186185965405
2 0.7855840192414462 0.426623649828193 0.04264205910534812 0.04185313561158495
2 0.6727969325510504 0.4921118687233147 0.044221394627768404 0.043203236760345834
2 0.7257046571566218 0.4907617827198538 0.05211807223987009 0.03915293331406339
2 0.7742692296028825 0.47186023032950225 0.05448707552350072 0.03510262986778116
2 0.8248079547737001 0.4394578406224926 0.045011049559388124 0.044553383345006636
2 0.8877432903934035 0.41689872532197986 0.039483388060507434 0.041178085037204555
2 0.8875864994522581 0.457684243994014 0.050538736717449524 0.0378028321653025
2 0.8484980017225552 0.48029839279985737 0.043431726866558336 0.038477882739683056
2 0.6988559686709855 0.5332898780340192 0.04580073015018884 0.04185313561158502
2 0.7612397051281193 0.5265394404440654 0.0489594037609477 0.037802998763602984
2 0.8034869265039856 0.5012248242979497 0.045011062388978694 0.037127902753322395
2 0.8583688448888044 0.5191138159720302 0.05053874954704094 0.03645273101654173
2 0.9069334134861884 0.5056128044844225 0.05132840447866002 0.0405030344628242
2 0.921937103515099 0.5451033388121762 0.049749068956239595 0.031727376995879124
2 0.8153319506198923 0.5417280556496742 0.04343173199839492 0.04117814561840458
2 0.7624242157506487 0.5633296891751471 0.049749068956239595 0.0330774781446398
2 0.5685607829394739 0.725004256303354 0.039483388060507704 0.04725354020662834
2 0.5346050743392737 0.7972347283432575 0.047380065672609245 0.04455333790910686
2 0.5381585690010465 0.8428006421139348 0.04501106238897868 0.041178085037204826
2 0.59264565478822 0.8019600823639204 0.045011062388978826 0.04590343905786739
2 0.6416050482854949 0.8340248937751895 0.04185239134413827 0.04387828733472618
2 0.601726821212546 0.8532639108715308 0.04264205910534827 0.04050303446282413
2 0.5776419621933908 0.9422831001639753 0.04659039791139918 0.039827983888443864
2 0.6301548580501933 0.9281071138284871 0.04264205910534834 0.04387828733472632
2 0.651475877339195 0.8754530478644152 0.048959401195029395 0.04387828733472632
2 0.6835330204132302 0.8578461525730781 0.04895941145870224 0.03645273101654161
2 0.742682529418149 0.8420381655949853 0.0418523913441382 0.04320323676034576
2 0.7024094607668404 0.7927594888105159 0.05290774000108031 0.0378028321653025
2 0.7458412004629895 0.7785834116032274 0.04659039791139904 0.04185313561158509
2 0.6420078046293721 0.978398366474527 0.047395910599153275 0.04185313561158509
2 0.698461127092626 0.9578092633747246 0.049749068956239595 0.039827983888443864
2 0.7037762460255809 0.9046746871838904 0.04384091194021116 0.041853135611584796
2 0.7118854482421806 0.8791659320406079 0.051328425006005346 0.03780289274650273
2 0.7663725494248627 0.8828786041825996 0.04185239134413777 0.04522838848348698
2 0.809014621359802 0.873090492016484 0.04027305582171778 0.04455333790910672
2 0.7254184924243587 0.925975835246228 0.04343172686655801 0.04117808503720457
2 0.7930490966072204 0.9220886146893124 0.041852391344138075 0.04455333790910664
2 0.7478153544705058 0.9659099308484894 0.04580073015018912 0.042528186185965496
2 0.7816223279574355 0.9820404675289836 0.04186823627068155 0.035988582183514944
2 0.8259924679621478 0.9243943962505949 0.04264205910534841 0.04185313561158495
2 0.8748453271822776 0.8950605380420975 0.04027305582171744 0.04455333790910664
2 0.8402064979276029 0.9659099459937895 0.045800730150188824 0.035777680442161286
2 0.8962729064076056 0.9490336816342794 0.050538741849286126 0.035777680442161404
2 0.9322106799319623 0.9749539241633941 0.04186825423210994 0.04036465558436257
2 0.7897936765244176 0.8126163542383351 0.04185239134413809 0.043878287334726276
2 0.8204647961995944 0.803222742422812 0.047380065672609245 0.039827983888443726
2 0.7233356692685003 0.6240842560146836 0.05527674328471065 0.035777680442161355
2 0.725309828407853 0.5879690502853319 0.04659039791139904 0.03780283216530265
2 0.7762434041377445 0.6034953043678815 0.05053873671745009 0.03375252871902021
2 0.7667673768906725 0.6497361929864386 0.04580073784794341 0.03712778159092222
2 0.8105939517503856 0.6423106215229538 0.041852401607810695 0.0398279838884437
2 0.8528411821069654 0.632859913481629 0.04422139462776869 0.04387828733472638
2 0.8200699700167441 0.5866189491365712 0.045011062388978756 0.04455333790910672
2 0.8650810324057226 0.5785183422440064 0.04501106238897862 0.04320323676034576
2 0.7746640737471602 0.6915893134527241 0.04895940119502939 0.038477882739683056
2 0.7703209010605044 0.73513007550026 0.05132840447866002 0.03780283216530265
2 0.8216492978414098 0.7513312892853895 0.04816973856565557 0.03645273101654167
2 0.8216337032280866 0.716783798735357 0.048169720604228826 0.04320323676034499
2 0.8732394760615805 0.6740420871645176 0.04343172686655806 0.04792866650750789
2 0.8907452372109705 0.7277044434555755 0.04264205910534827 0.04320323676034604
2 0.8849954120251847 0.7619140870702533 0.05053873671744968 0.035102629867780955
2 0.8792950418438329 0.8109858391734869 0.049749068956239595 0.03645273101654183
2 0.8796898705926013 0.8626271929682878 0.050538736717449524 0.04117808503720468
2 0.9203577577290066 0.8504762826294404 0.03711438477687736 0.042528186185965496
2 0.9290441069511955 0.7928468844644844 0.0481697411315739 0.03847788273968317
2 0.9164094163570372 0.6561491582977529 0.0418523913441382 0.04455333790910679
2 0.9014057365917992 0.6180087099734598 0.05132840447865988 0.035777680442161355
2 0.9085127464426904 0.5781807715209162 0.04501106238897862 0.04792859078100875
2 0.1707217398450743 0.7734694065245356 0.03666333873376189 0.03871774073891963
2 0.9496319503328824 0.6288633527731381 0.04427453256972456 0.04270059802780565
2 0.9592815021224745 0.6754458233489261 0.049950754694048104 0.03687778920583213
2 0.9280623173269202 0.7055303355957893 0.04427453256972456 0.0427005980278058
2 0.9672282241629954 0.7176611219885455 0.04313928814485991 0.04367106616480129
2 0.9399823690327096 0.7545389982872959 0.05222124354377783 0.03396638479484551
2 0.9592815131889426 0.8632313643111125 0.04540977699458949 0.05143481126076608
2 0.9536053168863767 0.929223241173271 0.05222124354377769 0.03784825734282776
2 0.9081955398917875 0.8855521750084699 0.047680265844318795 0.03784825734282776
2 0.3704355496510607 0.0647649550271056 0.050228552800273434 0.04222244024506803
2 0.40182842240218725 0.10913427351479449 0.045205697520246134 0.045800613147192436
