0 0.038843261455769995 0.13437374761309787 0.04315917939529999 0.04243381503571511
0 0.3286263158292637 0.053631610139149716 0.05055789586306578 0.0412550979513897
0 0.36931924548097983 0.08427826579671524 0.04069294057271136 0.04596996628869139
0 0.71212646002245 0.13083759636012163 0.04069294057271151 0.04243381503571509
0 0.6868475011699221 0.15794810076471089 0.03945982116141722 0.03536151252976257
0 0.739255072509597 0.09252929111954547 0.03822670175012277 0.048327400457342226
0 0.7546690760717709 0.13614176018151075 0.02959486587106298 0.03889766378273887
0 0.3674695663640386 0.21570522643155188 0.04685853762918285 0.042433815035715125
0 0.2947155392993343 0.2245456045639925 0.04192605998400573 0.048327400457342226
0 0.40569627903515654 0.25460287874918613 0.04439229880659432 0.040076380867064325
0 0.44145674924335426 0.3005728565029821 0.04932477645177137 0.040076380867064325
0 0.3588377486866371 0.4001744501284801 0.04192605998400573 0.04832740045734212
0 0.49941336157418575 0.3229684811051651 0.04439229880659432 0.04479124920436593
0 0.4907815256951257 0.3659916546830429 0.04932477645177144 0.04125509795138974
0 0.6005291533003171 0.321200405478677 0.0443922988065944 0.045969966288691426
0 0.6837647135626814 0.21511586788938913 0.04069294057271151 0.048327400457342226
0 0.7374054225153097 0.6552252757650239 0.04685853762918285 0.04125509795138967
0 0.4667356971748871 0.7595417147976142 0.050557895863065735 0.03536151252976282
0 0.3656199054487557 0.7483439024965228 0.048091657040477145 0.04361253212004044
0 0.17325329184817398 0.8461774262280849 0.04315917939529999 0.03418279544543708
0 0.048091657040477145 0.869751762182041 0.04439229880659429 0.045969966288691495
0 0.14304186627146398 0.6829250985839098 0.05179101527436 0.044791249204366036
0 0.1325603367141357 0.6298828355218181 0.04315917939529999 0.04714868337301681
0 0.23289814316477403 0.14793406016982874 0.03502350990658325 0.030688492136283135
2 0.17465237766028996 0.04212107193438852 0.039240498783785306 0.04857761843171104
2 0.21485779838094396 0.06917697447708526 0.043743506840941 0.03873911343288349
2 0.26374761477626174 0.0882390917082346 0.03988378564909322 0.044888179057150694
2 0.3155322095238255 0.10022976967555566 0.04310021997563304 0.04550308561957744
2 0.16693292482522792 0.11836951326714397 0.04181364624501712 0.038739113432883485
2 0.2206473948006287 0.11590988701743711 0.04503008057155686 0.04119873968259039
2 0.2672856883549088 0.13374217732781196 0.041813650425563814 0.038739113432883464
2 0.3222867195192858 0.1423507864262603 0.04503008057155689 0.03750930030803007
2 0.37632280366351395 0.1300527379532517 0.04631665430217282 0.03627948718317661
2 0.21743095002272247 0.01875465015401502 0.04631665430217282 0.03750930030803004
2 0.3039583683650383 0.030818772624683667 0.03538077759193742 0.04603924747330282
2 0.35895405620992593 0.018754650154015024 0.04503008057155682 0.036279487183176605
2 0.3904750917072822 0.042428525215601774 0.037310654910048736 0.04427327249472388
2 0.420066323046095 0.10822355498710308 0.042456933110325036 0.044273272494723986
2 0.4261775440859737 0.15372661301483856 0.0379539250531694 0.04550308561957744
2 0.37246309501330627 0.17002166451098863 0.043743506840940895 0.04242855280744385
2 0.4139550852840296 0.20045947037150655 0.04181364624501704 0.04550308561957746
2 0.3338658830948289 0.18908376794621704 0.03988378564909329 0.04734780530685761
2 0.28561935983563896 0.17278874404190891 0.04888980176340464 0.036894393745603334
2 0.24412736956491574 0.19062092398491606 0.034094203861321615 0.043043459369870585
2 0.2155010998781651 0.16786949154249511 0.03602406445724554 0.041813646245017114
2 0.17819046169030364 0.17893782346209708 0.03859721191847733 0.034434767495896496
2 0.11225355172541825 0.18262731802034132 0.0379539250531694 0.04304345936987055
2 0.08315175858620377 0.1561614496269692 0.03791312957067699 0.044888179057150576
2 0.02315831669971984 0.22659306825424708 0.03731063818786141 0.04611799218200414
2 0.07526453920288768 0.21890673622391268 0.04117036983107579 0.04919252499413769
2 0.10926903826549093 0.24712410868036297 0.03631044882889418 0.043658365932297064
2 0.15503212826839735 0.20660861877129955 0.03602406445724549 0.039354019995310206
2 0.18269343734822308 0.22720793342891052 0.04374353819504058 0.03504967405832312
2 0.23351312374569455 0.23274213387851428 0.0373106381878614 0.04488817905715071
2 0.2724319770065526 0.2647172337369409 0.037953925053169434 0.044888179057150736
2 0.201992075706698 0.2745557249398475 0.03988378564909322 0.04488817905715071
2 0.1502074642369477 0.27086624417752425 0.046959941167480694 0.03750935549171395
2 0.07526455697021085 0.29023589746541284 0.04503008057155688 0.03812420687045677
2 0.04985470070726686 0.2521116147173906 0.032807630130705714 0.04181368763278013
2 0.024766544314356286 0.28070484574779864 0.037953925053169364 0.0424285528074439
2 0.04695994116748075 0.33174209042921654 0.04631665430217281 0.03873911343288352
2 0.11354012545603422 0.3252852818093956 0.044386793706248914 0.04796271186928429
2 0.15921348035125912 0.32282587629442416 0.04695994116748077 0.043043459369870474
2 0.24444900672674982 0.3049936135758912 0.038597211918477294 0.04673289874443093
2 0.3152105514592583 0.29361795253836454 0.04117035937970915 0.043658365932297265
2 0.3740713142668494 0.34588498275279406 0.04567336743686476 0.04119873968259044
2 0.2981634453480509 0.34281039475697656 0.03924049878378533 0.044888179057150666
2 0.27918650790474586 0.40983521006148926 0.039883785649093256 0.0436583659322973
2 0.04631664803135287 0.43719856588539935 0.037310638187861414 0.0442732724947239
2 0.1016393142672904 0.45872032316217615 0.046316662663266124 0.04058383312016364
2 0.060468965338947814 0.4823941982237635 0.046316654302172806 0.03381986093346967
2 0.04020541654010736 0.5392730276563933 0.0418136462450171 0.04796271186928422
2 0.10871548023704447 0.5045308344711255 0.04245693311032508 0.042428552807443794
2 0.14666939274857405 0.4820866759629452 0.043743506840940964 0.045503085619577416
2 0.22708025300234166 0.48116438509891 0.04631665430217275 0.03996892655773692
2 0.26535584239089816 0.4571830153683468 0.04438679370624893 0.042428552807443794
2 0.3213217745894104 0.4350463515291429 0.045673367436864856 0.03996892655773685
2 0.323251645636701 0.3809344222804607 0.045673367436864856 0.04242855280744373
2 0.3058828877317464 0.490695367836919 0.04181364624501712 0.0442732724947239
2 0.348983118158746 0.5060681422649549 0.040527072514401255 0.041813646245017114
2 0.38661538723762134 0.531586750809743 0.03859721191847733 0.04119873968259036
2 0.19298605959238624 0.513139609120625 0.046316654302172744 0.04365853148334955
2 0.2341563938888161 0.5444997196410994 0.043743506840940964 0.038739113432883485
2 0.24952060968112177 0.5279963668201336 0.03666735132255327 0.04304345936987031
2 0.3184269774247047 0.5337388547986318 0.05017637549402046 0.03935401999531031
2 0.2706817665423815 0.5718800706480345 0.039949033044272456 0.04234818280203254
2 0.16899387924651538 0.5671391828590363 0.03924049878378521 0.04242855280744376
2 0.2074599722563495 0.5869281896730173 0.04695994116748075 0.038739113432883485
2 0.1514940609605701 0.5863133934779584 0.036667351322553436 0.04242855280744386
2 0.12994395097275357 0.5417325849264951 0.04503008057155688 0.0368943937456033
2 0.0813757780100898 0.5611022244184627 0.0418136462450171 0.03996892655773698
2 0.04695993280638751 0.5915400992585856 0.039883785649093235 0.044273272494723986
2 0.44627704637306764 0.05247920057030861 0.04239903729244745 0.04676364407255221
2 0.48487103125953285 0.03845010734854295 0.04566050169955865 0.03948929943904411
2 0.48921965223529507 0.08209618680714488 0.03913757641789803 0.04364618437658097
2 0.5414030915804815 0.09456648023560561 0.04566050169955872 0.04572445198205106
2 0.4636715373412423 0.10859550351205197 0.03805045340858459 0.04676364407255225
2 0.5043945589715406 0.15019139072305332 0.036963266813157085 0.04468588939942381
2 0.5626026102267052 0.15276123730367058 0.04022472768770641 0.04572445198205106
2 0.6050016369214668 0.14860449225677239 0.038050418082965505 0.04572445198205109
2 0.4653022554145505 0.17042750284219033 0.03696326328059513 0.047802836163053385
2 0.456605013463025 0.2208282959163902 0.03913757288533603 0.0446852598915499
2 0.4462770287102582 0.26291552895147435 0.03805041808296558 0.03948929943904411
2 0.5031623472846879 0.2461842712975692 0.040762999673871717 0.04780283616305334
2 0.5321622757603328 0.2234262994577495 0.038050418082965505 0.04780283616305336
2 0.574561288324847 0.22550468363875192 0.04239903022732365 0.04364606780104872
2 0.627831898368932 0.23173990612707812 0.03805041808296558 0.04780283616305336
2 0.5463113116234654 0.28093914628791306 0.03759295829889058 0.04468525989154985
2 0.5970128849976623 0.2621276926248037 0.03968842168275585 0.04676364407255219
2 0.6566321556477287 0.2732456906876218 0.036684798628799864 0.04884202825355466
2 0.6740359704045522 0.26031757204032785 0.03913757288533603 0.04676364407255225
2 0.7202400565704201 0.27486640119798267 0.046747656501929094 0.040528491529545255
2 0.7267629677218329 0.21978912714099544 0.046747656501929094 0.03845010734854295
2 0.7686184417433427 0.20731877542476865 0.04783481130429947 0.040528491529545255
0 0.7262193903206479 0.18029982770195135 0.041311882490076925 0.042606875710547616
2 0.7930794106664303 0.1595159392617152 0.05109627571141103 0.04260687571054755
2 0.8425449612394093 0.178221443520949 0.04783481130429947 0.0446852598915499
2 0.8430885457057181 0.2301810014157942 0.04457334689718806 0.042606875710547595
2 0.8023202406168266 0.24628840887324288 0.04348619209481783 0.04572445198205102
2 0.7675312728107246 0.2717487083509471 0.04348619209481768 0.048842028253554555
2 0.6843639268968238 0.3050028086167714 0.046747656501929094 0.03845010734854295
2 0.7398088182851547 0.30863988767309963 0.046747656501929094 0.03741100851846747
2 0.7871000733836402 0.31383575486517956 0.041311882490076786 0.04364606780104872
2 0.8300426845447112 0.30188516239994845 0.040224727687706546 0.04676364407255217
2 0.6142424633393014 0.37670713280667073 0.043486192094817896 0.0446852598915499
2 0.664251575416937 0.36215844353965443 0.04131189308776275 0.0467636440725522
2 0.7077377657454741 0.345531160255678 0.043486192094817966 0.042606875710547595
2 0.7599212033243787 0.35072720231105636 0.04348619209481783 0.04676371401787157
2 0.8012330716842087 0.3585211313322617 0.04348619209481783 0.047802789532840596
2 0.8447192567139027 0.35904084395304453 0.03913757288533603 0.04676364407255221
2 0.7262194079834572 0.3912558220736869 0.04566050169955886 0.04052849152954529
2 0.673492414198738 0.41411804806471225 0.04457337515768368 0.04260687571054759
2 0.7729670644853864 0.39853016670719504 0.04348619209481768 0.04676364407255221
2 0.7468753386308102 0.43646056143495526 0.041311882490076786 0.043646067801048787
2 0.8034073530284541 0.4177552436965729 0.03913757288533588 0.04156768362004648
2 0.8490788006339622 0.4412935263161153 0.04350801325547853 0.044998320948720985
2 0.7756417528406448 0.48538550613116543 0.041311882490076834 0.04988122034405559
2 0.7403523886212159 0.4811458912718244 0.050009120909040375 0.04572445198205109
2 0.8327605397575801 0.48790058157231575 0.05000911384391657 0.04052842158422578
2 0.6050016475191525 0.5195960452505802 0.0445733468971882 0.043646067801048787
2 0.6571850745003722 0.5325859463818449 0.051096289841658094 0.03845010734854302
2 0.7142606980922586 0.5207088433355765 0.047834811304299764 0.04052849152954529
2 0.7767720568378164 0.509723603815287 0.04674766356705308 0.04260687571054759
2 0.1019609660610376 0.5939994909776359 0.045673367436864856 0.039354019995310165
2 0.0968146732288473 0.6459593438292716 0.041813646245017114 0.04611799218200424
2 0.17947702601468918 0.6287419117955989 0.05403610295668797 0.04119883625403773
2 0.2540983055258224 0.6767046719506077 0.043743506840940964 0.042428552807443794
2 0.20070548734416896 0.6976114260935112 0.04245693311032508 0.048577618431710906
2 0.04503007430073689 0.6355058839822935 0.04888980176340456 0.04242851141968133
2 0.03538076714057099 0.6760897377963392 0.04760322803278869 0.038739113432883554
2 0.0868437351776672 0.690847522886422 0.04117035937970916 0.044888179057150805
2 0.01769038148001218 0.7255897436635307 0.03538076296002436 0.044273272494723924
2 0.06175552861819718 0.7345059164105615 0.043743506840940964 0.04242855280744365
2 0.1170782094860479 0.7363506085059996 0.046316654302172786 0.042428552807443794
2 0.1582485605046638 0.7461890583211431 0.03602406445724551 0.04734780530685767
2 0.19427263332300257 0.7597170578782152 0.03473749072662958 0.04611799218200403
2 0.22032568865977545 0.7953816798867277 0.046959941167480784 0.03996892655773707
2 0.25377666836398843 0.7317388092877992 0.04181364624501707 0.049192524994137725
2 0.3087776953478186 0.7400400616764808 0.05274952295525239 0.04119873968259044
2 0.33547410025809876 0.7836983448332526 0.043100219975633076 0.044888179057150666
2 0.37986090441571413 0.7056052665887427 0.04181364624501712 0.04611799218200403
2 0.4245757849776698 0.7181478399473223 0.043756414589779524 0.04537703568539953
2 0.41749316095294975 0.7680182964709757 0.04760322803278875 0.0455030856195775
2 0.2701804834293413 0.8009157975608054 0.04245693311032511 0.048577618431711184
2 0.1682194985558439 0.8070648631850726 0.043100219975633 0.04734780530685754
2 0.11418341859216209 0.7815462408443636 0.04567336743686482 0.043043459369870474
2 0.06754512085733533 0.7790866145946569 0.04117035937970915 0.044273272494724125
2 0.021555172253567553 0.7921895579422418 0.04201986517604031 0.04734780530685753
2 0.053392795188647126 0.8239746281007558 0.04888980176340461 0.043043459369870474
2 0.12138013250279839 0.8130233503570372 0.05031716074709656 0.03746973320059958
2 0.09327655993500727 0.8633288550348805 0.043743506840940985 0.0455030856195775
2 0.13734172484051496 0.8660958448923134 0.04052707251440106 0.04980761090353876
2 0.17796275401216147 0.9037167769803703 0.0442126024438936 0.04734780530685752
2 0.21389288062462186 0.8507232429132908 0.0392404987837853 0.04611799218200417
2 0.27581411571029973 0.8368354181548974 0.037674242104593005 0.04488817905715061
2 0.3007365990801026 0.8719375055210918 0.049533088628712675 0.039354019995310095
2 0.3158538435502492 0.8267417904072007 0.046316668934086064 0.04365836593229738
2 0.3621705009878322 0.8381177273631479 0.043743506840940964 0.0405838331201636
2 0.3701142690536285 0.814963033550797 0.03924049878378509 0.046117992182003936
2 0.41331177333544145 0.831661015314773 0.04181365878665736 0.046118074957531056
2 0.4245757849776699 0.8738468614343785 0.04632956205101133 0.03579385307276201
2 0.3932426768495011 0.8844955530574288 0.04953308862871235 0.04242855280744365
2 0.23807686608927703 0.908954635532995 0.03904599812764038 0.045429204902430964
2 0.10839382635302389 0.9088318302870897 0.04567337161741149 0.046732953928115446
2 0.04700347629184253 0.9249998647365978 0.0385972119184771 0.04482748021220744
2 0.027982978640896064 0.9591087135986229 0.04567336743686484 0.04734780530685754
2 0.07687277622375406 0.9538818008791813 0.04052707251440121 0.043043459369870474
2 0.12930065992689904 0.9615683398483299 0.04503008057155688 0.04611799218200417
2 0.1576052820004491 0.9188323337596727 0.047603228032788734 0.03935401999531024
2 0.18591172457448568 0.9524647961127347 0.04082335610894118 0.046117992182004075
2 0.20672561065084635 0.945111527097244 0.03862771691239454 0.04641933074985733
2 0.19746238736748578 0.9755454721385936 0.04052707251440106 0.04955524399367562
2 0.24591433468582002 0.9717742733366147 0.03859721191847718 0.049807431556564336
2 0.3444598068031284 0.9005442737371971 0.0489320298553974 0.038612656981270164
2 0.2726647118918322 0.9209181417006959 0.04971667202257651 0.04084031026865082
2 0.30194428963975756 0.9615150916345822 0.04278230105625049 0.0452956168434131
2 0.3473308601906776 0.9571807752257874 0.04014876705182171 0.047523270130793785
2 0.3938490482011761 0.9361405058033767 0.03728748887185354 0.04455306574761906
2 0.4365743362537188 0.9168342356217916 0.046609361089816975 0.049008388982107576
2 0.46065584200763754 0.8017387741244545 0.04194843507755436 0.04603816793920644
2 0.50920725728535 0.8585439496123971 0.03184973007804153 0.03638500369388893
2 0.47425024908888647 0.8689397315924208 0.042725247665665475 0.04381051465182523
2 0.4957892619821461 0.9155898349471429 0.03744070321578122 0.05195560869361717
2 0.5343599095824151 0.9005086223642149 0.04013889608608884 0.04975092341817487
2 0.5026042644642926 0.8262430435842861 0.04505572076851581 0.03861265698126988
2 0.5499904608598388 0.8414653410480557 0.0419484249808351 0.04084031026865091
2 0.5787931756993774 0.8857882130492141 0.0455178583924592 0.050043194396595554
2 0.527074186608986 0.7809473267825036 0.04427889303532595 0.04009775917285707
2 0.5515440380766443 0.8021100829918075 0.03884113424151401 0.03638500369388893
2 0.5938809274076707 0.8199313259505834 0.04427889303532609 0.03935520807706353
2 0.6393250544702421 0.838123844457256 0.04660936108981687 0.041582861364444314
2 0.6793314378840806 0.8154760526952779 0.04738618377464718 0.04084031026865063
2 0.7005967666721985 0.7976707408361898 0.047386183774647345 0.04084031026865083
2 0.6350525448487545 0.7972835508483334 0.04738618377464711 0.04009775917285694
2 0.6058558698220041 0.7690709799132738 0.04562072078822684 0.040562962779879
2 0.6214581339812356 0.7545868628401987 0.048163008983657205 0.04084031026865078
2 0.6638786562859874 0.7848000223555955 0.05112861687871803 0.04009775917285745
2 0.47153135707108135 0.7106213986745238 0.04350207035049571 0.04603816793920643
2 0.5193059648090428 0.7199032873719443 0.04738618377464718 0.040840310268650766
2 0.5748487867744078 0.7295564516172618 0.04660936108981694 0.04678071903500012
2 0.47075454195879063 0.6671822262095083 0.04971665182913803 0.04232541246023827
2 0.4979433460245697 0.6304258470093529 0.048163006459477346 0.03861265698127006
2 0.5461063474356874 0.6281982270414285 0.04350207035049586 0.04158286136444445
2 0.5204711912637486 0.6701523639537698 0.04505571572015633 0.039355208077063386
2 0.554262053991651 0.6920442762841595 0.040394779611174804 0.0483734217666663
2 0.5836517403089678 0.6650260876191112 0.03996826479539616 0.046143929973113146
2 0.4571601500226203 0.5929270499912301 0.042725247665665406 0.04381051465182537
2 0.5158102627273065 0.5736207215005952 0.048163006459477346 0.042325412460238215
2 0.5721299073775018 0.5795611302669443 0.04583253840498671 0.042325412460238
2 0.622234970549055 0.5673090371863492 0.048163006459477485 0.03712755478968255
2 0.67544731436321 0.5795611302669444 0.04583253840498671 0.042325412460238
2 0.707496758899428 0.5805717501994896 0.0403947796111748 0.04529561684341306
2 0.6272843129520926 0.6226290938229769 0.04893983924102635 0.03935520807706357
2 0.6629693119197837 0.6353165632739889 0.039207437275336834 0.04406964192821146
2 0.7033656165805523 0.6289297479669709 0.04155824145642808 0.04661538741487255
2 0.6602087841012075 0.6595764941054049 0.05221462665784729 0.04009775917285732
2 0.6059216361114833 0.6965128945349881 0.04660936108981687 0.041582861364444314
2 0.6505889783519215 0.7113639164508611 0.04738618377464717 0.0386126569812697
2 0.699282537410816 0.6741284621350541 0.04583254597752631 0.04009775917285725
2 0.6911458822034849 0.7451217500910581 0.039617956926344594 0.044553065747619275
2 0.7414772350012442 0.7592584454698232 0.045832538404986564 0.04084031026865063
2 0.7513634620680775 0.7082905428976091 0.03884113424151426 0.042308409565097814
2 0.7702196869608637 0.6987404978431843 0.03961795692634439 0.04603816793920629
2 0.8020694220872651 0.6690385373100792 0.042725247665665336 0.0415828613644446
2 0.7486598234726478 0.6262194933581351 0.044588156280841666 0.03970617357216068
2 0.7822838815753548 0.5396985182014761 0.042812391769607834 0.04158286136444487
2 0.807226623048673 0.5648560244802828 0.0413479191900021 0.04574037376887787
2 0.865882401782989 0.5614619433978103 0.04350206277795581 0.044553115726804406
2 0.891792424515904 0.561368495142174 0.048163006459477485 0.04009775917285707
2 0.8429614394894501 0.605953066995744 0.0365106661870234 0.04603816793920676
2 0.8543448168935543 0.6174715249758843 0.048171393318137135 0.03786415681787872
2 0.7770000623888395 0.6564197900334291 0.05204715269796569 0.035642535896737236
2 0.8294810406773199 0.6580226497088164 0.038659505117661315 0.03935520807706371
2 0.9112130130921908 0.5145878760655449 0.04660934846891563 0.043067963556031916
2 0.8653804229415164 0.5194145414868437 0.04194842498083517 0.04232541246023813
2 0.817217441723837 0.5272112446940355 0.04194842498083517 0.043067963556031756
2 0.9547764408650491 0.4504203066015956 0.04115555262104066 0.04872092725508579
2 0.9170329915110227 0.41233080190162924 0.04272524766566557 0.04306796355603196
2 0.8844125938649376 0.4711487202602563 0.04117160229600504 0.042325479099151304
2 0.9589157981908788 0.40346966380547505 0.037287488871853666 0.045295616843412774
2 0.9100477626577753 0.38092867882268633 0.047386183774647324 0.043067963556031756
2 0.8576122289075521 0.40023495733413667 0.0435020703504957 0.04009785913122628
2 0.9609296611350574 0.36162243363069263 0.04971665182913809 0.04158286136444438
2 0.8785864464463287 0.3319203231600338 0.04194842498083517 0.04603816793920636
2 0.9236421495455858 0.3192969212120852 0.04660936108981687 0.03712755478968258
2 0.9671442426136997 0.2959066116737698 0.038841134241514086 0.051236025609761884
2 0.8933460749339238 0.2884810840561051 0.0450557157201564 0.03935520807706343
2 0.9325756331387521 0.27882793647051585 0.031849730078041746 0.04529561684341271
2 0.8945113392513288 0.23947301993869755 0.050493514900842376 0.03787072229542035
2 0.9422859166991308 0.22053767545071426 0.049716651829137815 0.03712755478968255
2 0.8835264786645425 0.21988048291470919 0.03806431155668392 0.045295616843413204
2 0.9512193700021396 0.17969733186260706 0.05204711988362901 0.03564245259809521
2 0.7974084859782835 0.11361031765642857 0.042725247665665475 0.043067963556031735
2 0.8410490335257188 0.13731578316071855 0.03932958759094689 0.04455306574761922
2 0.8953239753931979 0.1605970666046319 0.042939532351064125 0.04455306574761937
2 0.9531708290574309 0.12315117276390421 0.04039477961117501 0.046038167939206565
2 0.9655905846231412 0.09801674464476191 0.04660936108981687 0.038612656981269845
2 1.0091027532242136 0.192171727626493 0.0396335819751775 0.04288110960243723
2 0.8867882464383727 0.09576455273914938 0.03961805536935188 0.042325895592357166
2 0.7507986364596725 0.043810298075358106 0.048939841765204835 0.03712735487294338
2 0.9267494465953573 0.07611145399939277 0.04505573338941557 0.04381058129073852
2 0.9578223703957361 0.050493474513968246 0.04194842498083517 0.043067963556031735
2 0.9150971227300708 0.03749894695567716 0.04660936108981673 0.03489990150230158
2 0.8692645944218037 0.055320156594996533 0.03728748887185347 0.0438105146518254
2 0.8319771068120408 0.06423081139384103 0.040394817473870824 0.04232562903670542
2 0.7792171328802506 0.08537936335746128 0.039065455984214986 0.0427233668783886
2 0.7970200746358682 0.021533898479374588 0.04660936108981687 0.03861265698126984
2 0.02347996849346707 0.1743259138765289 0.04438679370624893 0.04119873968259036
0 0.5553213909378293 0.3641552511415525 0.050158061116965275 0.04337899543378995
0 0.034632946961714095 0.09360730593607305 0.05015806111696523 0.036529680365296795
