1 0.19271581588420358 0.21773440576909864 0.03623716013246749 0.03066681981458405
1 0.15977291061926566 0.2765124919948328 0.02306001099338845 0.033733501796042446
1 0.313506326967027 0.2918458919591594 0.029648585562927963 0.025555683178820062
1 0.45351354953663836 0.32200160805313255 0.03953144741723719 0.022489001197361667
1 0.5545383644654974 0.13493403949880747 0.026354288552986018 0.028622360188795704
1 0.22840391841070407 0.7150480153433846 0.0373352558940574 0.015333409907291866
1 0.38488256119554415 0.5980029913558714 0.023060010993388436 0.03066681981458416
0 0.38200006306309475 0.05875251562810728 0.041189572017238024 0.030922376646372252
0 0.28965569999219015 0.12430795411841647 0.03454609265961899 0.03586995690979181
0 0.4466440881332311 0.14100603750745716 0.03414154205715592 0.027211691448807532
0 0.23451482132395207 0.16759928142333763 0.035874788531142766 0.028448586514662467
0 0.2105982838690653 0.1935740597598081 0.03587478853114277 0.0284485865146625
0 0.1567991077821168 0.2673612652633004 0.02125913394438096 0.03463306184393705
0 0.2478021036442912 0.23253631448917805 0.0305600168125057 0.03215929577420328
0 0.3095861380650472 0.18058667961481398 0.0318887009165714 0.03463306184393694
0 0.4384696376028566 0.20717992353069412 0.02923130917352374 0.035869956909791834
0 0.7367618607599514 0.10822831826230289 0.03056000504504766 0.03586995690979181
0 0.7586852955702611 0.13915070092416923 0.02923130917352381 0.033396166778082034
0 0.7447340359890944 0.1768759944172493 0.03056000504504752 0.0371068519756467
0 0.8516940516855181 0.1243079541184165 0.02923128171612067 0.03092236461538414
0 0.8922192659607792 0.13296621356390664 0.03321739678809522 0.030922376646372277
0 0.8344210073169513 0.1366769047769654 0.031888700916571505 0.03092237664637226
0 0.21325568737957115 0.29561792073931875 0.03056000504504759 0.03463306184393687
0 0.31025048600080907 0.27830138981735025 0.03321739678809518 0.022264111185388024
0 0.34014609996274797 0.288815009908105 0.03454609265961899 0.033396166778081986
0 0.02923129740606556 0.4421899860431233 0.023916525687428542 0.0358699569097918
0 0.05779825472134135 0.44837447941888003 0.03056000504504759 0.030922376646372242
0 0.25444525939680923 0.3803452327503788 0.03321739678809518 0.03339616677808209
0 0.19133221334440045 0.4390977243165095 0.03720348440266658 0.03215927171222709
0 0.23119308164514266 0.44280649340933065 0.03454609265961903 0.03216315204566825
0 0.3168939653584281 0.422399664989445 0.03056000504504759 0.030922376646372315
0 0.35808353737566617 0.3877666031455081 0.027902613301999894 0.03586995690979187
0 0.4135953368903156 0.3462083862227237 0.02524522155895228 0.03215927171222712
0 0.39045611873604213 0.39271418340892766 0.034907027643533456 0.02597479638295267
0 0.4544139880611422 0.30736842386494023 0.03986087614571424 0.02597479638295269
0 0.6521736139206691 0.2375340024880178 0.03954179169653113 0.027631386477669183
0 0.5421079155817136 0.2752091521527131 0.03454609265961906 0.035869956909791834
0 0.5986602488318914 0.32344805972105356 0.029668915966135686 0.03339616677808199
0 0.45175659631809467 0.4050831340674766 0.03454609265961899 0.030922376646372315
0 0.4052522408147613 0.41312295199553334 0.031888700916571366 0.03215927171222709
0 0.11825392079816073 0.5491814092395713 0.03188870091657139 0.027211691448807543
0 0.07573567056058614 0.6753446758792997 0.034546080892160796 0.0296854695495292
0 0.21392003139284696 0.7712040494985479 0.03986087614571421 0.033396166778082235
0 0.2292000378378569 0.73100498392024 0.03321739678809518 0.022264111185387916
0 0.3029426645911573 0.672252456261145 0.034546080892160616 0.03586995690979193
0 0.28434091650609483 0.6116446100652433 0.03454609265961899 0.03339616677808202
0 0.29962091902861865 0.6413300916457605 0.035874788531142766 0.030922376646372172
0 0.31822264554000773 0.60174944352291 0.03321739678809518 0.028448586514662394
0 0.35476179769685673 0.6091708199335335 0.026573917430476185 0.030922376646372315
0 0.30094961490014244 0.5287726406529656 0.03056000504504759 0.03339616677808195
0 0.3295165761379043 0.5114561097309972 0.02125913394438097 0.03834374704150157
0 0.320215720727182 0.5504182982899322 0.02923130917352381 0.03215927171222717
0 0.35741918943990425 0.5535105419700634 0.031888700916571366 0.03339616677808202
0 0.39329396228110286 0.5547474370359182 0.031888700916571366 0.030922376646372315
0 0.38133571512733283 0.5281541931200381 0.03454609265961899 0.03215927171222709
0 0.3487826505850553 0.520732840771391 0.027902613301999963 0.03463306184393687
0 0.3567548493491146 0.4823890756834072 0.027902613301999963 0.03215927171222717
0 0.36804877210203896 0.494139602871005 0.023916525687428556 0.030922376646372242
0 0.39329396228110286 0.49166579469281296 0.026573917430476185 0.03339616677808209
0 0.4092383284293328 0.4743492577553505 0.02391652568742849 0.03339616677808202
0 0.43249049441354126 0.43909774236299187 0.03321739678809522 0.027211691448807543
0 0.4324904826460829 0.47991527352070923 0.027902613301999894 0.03215927171222717
0 0.7016404195161168 0.424997727270821 0.037203484402666624 0.03215927171222709
0 0.9081636281865226 0.2714984669551484 0.03321739678809507 0.03586995690979176
0 0.9647912993227641 0.42487345512115465 0.03587478853114277 0.03339616677808202
0 0.9413810210521316 0.46692786329824465 0.04118957201723788 0.023501006251242983
0 0.7965531749785228 0.5151667648510913 0.04118957201723816 0.030922376646372315
0 0.5746609644340468 0.5046531868687952 0.0358747885311427 0.03215927171222724
0 0.5686818330121897 0.5256804029883284 0.03986087614571431 0.027211691448807612
0 0.44244575587687984 0.511456091684515 0.03853218027419047 0.02597479638295276
0 0.41056699684345427 0.5287726286219775 0.03454609265961892 0.02597479638295262
0 0.4460511732670032 0.5432424478943836 0.033217396788094794 0.035869980971767676
0 0.4902887687473131 0.5590765577354223 0.03720348440266669 0.02968548158051739
0 0.4856383410419518 0.519495927659054 0.03587478853114284 0.03215927171222717
0 0.46345506967348227 0.5689717603707194 0.037723079069264254 0.029685481580517294
0 0.45308529218961807 0.5966837327471937 0.03454609265961899 0.02573857145132506
0 0.4882957523974298 0.5930911840774199 0.03587478853114277 0.02597479638295262
0 0.5208487659473883 0.6165921903286627 0.026573917430476185 0.03586995690979172
0 0.6151861885155229 0.557671692323018 0.026573917430476098 0.032495284591254926
0 0.6484035931485904 0.5535105780630281 0.031888700916571366 0.03586995690979187
0 0.8510297017885131 0.5825775579711713 0.03587478853114277 0.03958064210735628
0 0.9161358034156654 0.5819591585621966 0.03321739678809522 0.03339616677808209
0 0.8908905818567131 0.6048416872030414 0.03853218027419047 0.03215927171222709
0 0.7453983839248562 0.6561728324360192 0.04251826788876187 0.030922376646372384
0 0.7932314352997132 0.7489399623751362 0.03454609265961892 0.04081753717321149
0 0.8051896942209416 0.8460362009827688 0.031888700916571366 0.03463306184393687
0 0.7062018557149039 0.9146839011996915 0.03587478853114263 0.0358699569097918
0 0.6238227038354556 0.7674934003939474 0.0358748042210871 0.038343747041501355
0 0.5879479231492849 0.8070740304703159 0.03321739678809522 0.03339616677808209
0 0.5088905187936184 0.7575982278361204 0.02923130917352381 0.03834374704150165
0 0.40776037932517717 0.6031159775799343 0.01727304632980948 0.03463306184393717
0 0.45441399982860065 0.6691602125810132 0.03986087614571425 0.03215927171222731
0 0.252452243046926 0.8287197121692585 0.029231309173523776 0.03463306184393702
0 0.282347860931351 0.8318119017099435 0.027902613301999928 0.03586995690979194
0 0.32951657613790436 0.901696503008215 0.02923130917352381 0.034633061843937156
0 0.32420179265180915 0.8169691909971551 0.0318887009165714 0.03339616677808209
0 0.3627339729259995 0.8064555829373884 0.03454609265961899 0.027211691448807328
0 0.36339832086176144 0.7458477247104989 0.03853218027419032 0.03215927171222717
0 0.41455311191542804 0.7452292771775714 0.03454609265961906 0.030922376646372242
0 0.39661572941731493 0.7749147948510532 0.027902613301999894 0.030922376646372242
0 0.48998896050431767 0.05950729043433 0.029286696489913312 0.03198189177527868
0 0.5589816452158815 0.0469242510473351 0.03773478201584979 0.02883613192852995
0 0.4145193918892012 0.08860555033575018 0.02816028508645509 0.028311838620738498
0 0.4798512578731939 0.09804284855700185 0.03379234210374605 0.035651944929818866
0 0.5243823089054976 0.11948580508147583 0.031539519296829535 0.03303047839086154
0 0.5836372691881975 0.11581665178659349 0.03227830321578753 0.026040913847433487
0 0.4035369082059858 0.17380325021387236 0.029849902191642276 0.031981929137289825
0 0.4100137371085343 0.21574672417769153 0.02928669648991324 0.0351276516220274
0 0.3717431565366174 0.21305261172253434 0.029357560152123766 0.03355477169865292
0 0.37087095458861286 0.33056693056251163 0.030976313595100537 0.026738958697364198
0 0.67641004777665 0.31405169136708083 0.0349187535072042 0.03355477169865303
0 0.6617666949482762 0.36936463533907926 0.036045164910662494 0.028836131928529914
0 0.6305385777093445 0.4099138043625745 0.03153951929682964 0.033911124288308295
0 0.48126697716104566 0.37162588390245416 0.037265793514448635 0.027508227653399168
0 0.5096166022339674 0.37876402999353104 0.027597079384725845 0.03390800919530046
0 0.5083315190079517 0.43623268596307185 0.029379737760687304 0.034303624378567266
0 0.7011910711522285 0.617355360583934 0.03379234210374605 0.0298847185441128
0 0.6414912851026118 0.7117282026889095 0.03942439912103701 0.030933305159695692
0 0.406987881448906 0.6866264560366602 0.030803260480770516 0.03774911816098441
0 0.39950588787018915 0.7319013038273109 0.03717157631412046 0.025690372081781217
0 0.46805747611898035 0.6579670858152136 0.031539519296829605 0.03565194492981867
0 0.45856932971200903 0.6211144731732299 0.030976313595100405 0.03347163678640041
0 0.36692851467650917 0.7777891221086218 0.026470667981267723 0.02883613192852991
0 0.4500013556815516 0.8197325867319382 0.03717157631412071 0.03512765162202754
0 0.5429302964668531 0.8000715876897587 0.034918753507204275 0.03355477169865296
0 0.7676493531230958 0.8105574071430742 0.03942441745470519 0.03250609167804278
0 0.8678080012697725 0.37038562253115287 0.03962512001250062 0.02842142736157413
0 0.9213993468199135 0.4341826886091236 0.03377879083032823 0.037492095668459555
0 0.9054843448882157 0.48407133197744956 0.03442838296168077 0.034468539566164365
0 0.8811717261796234 0.5215634276459091 0.03183001443627091 0.03446853956616451
0 0.8152381037015982 0.5998734983758092 0.029881238042213595 0.03628267322754155
0 0.8642823307644592 0.6213407790216483 0.02923164591086106 0.02963084980249221
0 0.9337886888191733 0.6833236791186984 0.03572756722438569 0.032654405904787326
0 0.7528772802375109 0.8635276228154879 0.03507797509303316 0.03144498346386925
0 0.5534524906258658 0.9539319287277496 0.0363771593557383 0.036887384448000236
0 0.933473898922779 0.29869340022603535 0.03183001443627076 0.037097415165568116
0 0.17317886298790658 0.4267010373248927 0.03177011399925305 0.03340199369917442
0 0.22548605538835798 0.4119815048728806 0.028814754557461998 0.03301405165520689
0 0.24374949171305516 0.41273711535788876 0.028445334627238132 0.03163846616957322
0 0.1812004757748092 0.49039622562838475 0.03731141295261107 0.03232625891238996
0 0.1823087355654808 0.5258175518834505 0.03657257309216334 0.035077429883657134
0 0.10048431228565644 0.635865424405908 0.035974693237846134 0.030521774258226844
0 0.06564806611901265 0.6439198117106106 0.03369781391899514 0.03221742838368406
0 0.17974004778680416 0.6487447999688066 0.03577953215337324 0.0345186732682329
0 0.16737984047605806 0.6935585161416 0.03577953215337317 0.0320963102318656
0 0.25975609242071146 0.6996144237325181 0.03708060604985953 0.032096310231865745
0 0.10492831991534729 0.7492728659780461 0.029274162670941718 0.032096310231865745
0 0.13550355648277532 0.7323163247234754 0.037080606049859494 0.029673947195498585
