1 0.4139541710795352 0.033381128605563436 0.028197883233781838 0.030180198465303922
1 0.2949221189085437 0.0859678313809632 0.026811102091136865 0.029265646996658345
1 0.33421425196581234 0.09099786445851381 0.030509194690767193 0.03292385287124062
1 0.4516283825688144 0.08848285459145921 0.029584664376426845 0.03155202566827227
1 0.4793640149742914 0.11614804318970855 0.02311301904408353 0.029265646996658373
1 0.4555576053588854 0.13329587655509234 0.026348841710255186 0.032466577136917835
1 0.5163448277043252 0.06287540679766246 0.028660143614663625 0.02789381979368999
1 0.5514766302978703 0.062189476516876535 0.0305091905968056 0.035667522844525706
1 0.5794433724239808 0.07522187386344674 0.029122403995545127 0.030637474199626702
1 0.6307542842544229 0.08070918045141326 0.0300469247573087 0.03155202566827227
1 0.6014007377865523 0.10311568920932292 0.02403753980584689 0.02789381979368999
1 0.36570846797122714 0.13173171916650492 0.027273362472018548 0.026064716856398835
1 0.4054023540332243 0.15181554379516515 0.021263977520556736 0.022863786716139315
1 0.38321385575090416 0.16004650701297535 0.022188498282320168 0.026521992590721643
1 0.5218919700154049 0.11454757144785806 0.020339456758793447 0.028808371262335566
1 0.5438493230960918 0.11271848630182213 0.02542432094849182 0.03063749643869581
1 0.508024158588955 0.124378999735798 0.02496206056761025 0.021949235247493773
1 0.5045572057323423 0.14267002910870946 0.030971445519071848 0.015547374966974755
1 0.5154203178597924 0.18725440875736737 0.02496206056761018 0.02972292273098116
1 0.3328274742348022 0.17056384890239942 0.02588658132937347 0.025607441122076066
1 0.3013937683348486 0.19136989481408626 0.03143370589995356 0.02515016538775324
1 0.336756682013681 0.19891494443041222 0.03374500780436186 0.02835109552801278
1 0.3748931729889954 0.18245301577088494 0.02496206056761026 0.024692889653430458
1 0.4014731339724609 0.19548537642299127 0.02634884171025526 0.02697926832504443
1 0.44700577603069 0.1776516227844026 0.03235822666171686 0.03155202566827224
1 0.47635931021667594 0.18039527496643237 0.031895966280835214 0.02880837126233555
1 0.36356777728154865 0.2130904921944186 0.024499800186728534 0.028351095528012814
1 0.39199680776394424 0.2284092226225112 0.025886582694027407 0.02697927722067204
1 0.4460812675508112 0.20714590764822233 0.02681110209113683 0.024692889653430507
1 0.42458615301654434 0.22635147959415178 0.026348841710255186 0.030180198465303894
1 0.4689631509458384 0.23435380272089365 0.024499800186728392 0.02789381979369004
1 0.45648212612064876 0.23892657118365604 0.022650758663201744 0.02880837126233555
1 0.4879158306559483 0.20499197728798443 0.026348841710255186 0.027893819793689968
1 0.5200429284918783 0.2162914223346781 0.02681110209113683 0.024692889653430434
1 0.5655755719147613 0.19548535640782908 0.03004692475730863 0.026064716856398853
1 0.5685802684844536 0.16576245369201015 0.02681110209113683 0.03155202566827226
1 0.6538847866679595 0.09197637169515348 0.03517030877202439 0.025593402911457893
1 0.6304379553262177 0.12036908283062175 0.03031923478644849 0.031191988241822236
1 0.6579273936725123 0.11856955477170747 0.02708518307589401 0.02759291267545814
1 0.6821827671806482 0.1329658512026032 0.02708518307589401 0.030792090956670695
1 0.631246469447275 0.14996147804213059 0.026276670148255264 0.027193015390306545
1 0.7116935045538995 0.15915911949032377 0.027085183075893866 0.032791577382428515
1 0.727055243615231 0.1359650711169723 0.030319238366703936 0.023194042538790906
1 0.7484807950247135 0.15116117962185305 0.031936260641725764 0.026393220820003442
1 0.7889064891433881 0.16175845184380896 0.0327447735693643 0.023593939823942468
1 0.5982995664525823 0.21254540705805802 0.029914978322629224 0.023593939823942485
1 0.6565124972425633 0.19874895072032892 0.026680926612074673 0.027992809960609683
1 0.7056296575966098 0.20594710185305715 0.02870220893117107 0.026393220820003477
1 0.7268531219471237 0.1875518267360851 0.02991497832262908 0.018395275116972094
1 0.7549489461825659 0.1749550447501288 0.029510721858809746 0.023593939823942485
1 0.7341297347156154 0.20334773838191522 0.029106465394990552 0.02359393982394245
1 0.7604064036704523 0.20994606498030507 0.025872413684435998 0.027992809960609683
1 0.7804170831150665 0.1871519236163728 0.03274477356936416 0.025593426249700287
1 0.5613101071736267 0.24313754937215293 0.025468157220616662 0.027992809960609755
1 0.5340227898987304 0.23833876250179867 0.022638361973881586 0.024793631679397167
1 0.5930467090612709 0.2535211570298072 0.02911141867166968 0.027965366448036873
1 0.6162889790925417 0.24193785751669822 0.023042618437700783 0.029592399101215926
1 0.7652574860099584 0.2507355977900327 0.03314903003318363 0.024793631679397167
1 0.27652372688999993 0.20318756523417975 0.028660808545220674 0.01890116885899342
1 0.29218102044711125 0.2299642211177538 0.022822495693416513 0.024151493542047184
1 0.3359683715362263 0.22550143492342278 0.02653778569001922 0.02467652601035258
1 0.3112882026410083 0.23705215433300864 0.02494551854861804 0.026776655883574065
1 0.34711423682545095 0.26094113674777086 0.023353251407216932 0.030451883161711706
1 0.39302460606918416 0.27065423741142025 0.026007029976218874 0.03202698056662779
1 0.42195077993641616 0.28220494660727086 0.02972231997282144 0.027826720820184826
1 0.3415413018305469 0.2853551465239707 0.028130052831420328 0.023626461073741823
1 0.3088998191643788 0.3155445185583974 0.022291739979616098 0.02835175328849022
1 0.3436643246857485 0.3152819972173771 0.028130052831420328 0.02572659094696327
1 0.38294024750697686 0.34284620180340925 0.02813005283142047 0.02625162341526867
1 0.33835676754774463 0.3473089777840049 0.029191564259021162 0.021526331200520374
1 0.35534095665680143 0.36489756547223495 0.020699472838214918 0.027301688351879464
1 0.326149389264058 0.3717229952205062 0.029191564259021162 0.028351753288490187
1 0.1985026369613435 0.21578834447350867 0.032906854255623834 0.025201558478657946
1 0.19770650182378183 0.2428275038240663 0.030253075686621892 0.026776655883574065
1 0.25980492190528787 0.28325501665074926 0.03131458711422269 0.02467652601035258
1 0.2093831353616958 0.26671647091822565 0.028130052831420328 0.02520155847865798
1 0.1488769777210076 0.27669211079693207 0.0260070299762188 0.028351753288490152
1 0.17913004557332385 0.2963808155912144 0.03343760996942418 0.028876785756795583
1 0.21097538996820792 0.29428069465501144 0.027068544537541924 0.023626473840911006
1 0.23671703895380447 0.29979352408176557 0.02759929711761998 0.03150194809832246
1 0.20381019096562503 0.32630767139148853 0.027599297117619947 0.027826720820184826
1 0.23273638206832936 0.3320830234359798 0.024945518548617998 0.02467652601035262
1 0.2563549987975576 0.3491465914230737 0.025476274262418386 0.02415149354204715
1 0.2876695953129469 0.3599097570233338 0.026537785690019185 0.02782672082018479
1 0.200625659816545 0.3646350492380822 0.030783831400422238 0.02572659094696334
1 0.16320737729303464 0.3727730550502493 0.028130052831420366 0.026251623415268738
1 0.25078207477068126 0.38747396160936604 0.028130052831420293 0.028351753288490187
1 0.27891211506721275 0.38773647784351867 0.02706854140381953 0.024676526010352546
1 0.4755571101639772 0.270129202389681 0.024414762834817694 0.03202698056662779
1 0.5010333938275622 0.25936601891538413 0.02335325140721686 0.03150194809832243
1 0.5294288198152994 0.26776656394260845 0.02919156425902102 0.026251623415268738
1 0.5050140616810651 0.2955932796559256 0.027068541403819493 0.030451883161711598
1 0.23485940335666983 0.40795022787327556 0.03237609854182342 0.027301688351879464
1 0.12048154703268711 0.2703917211772676 0.026537785690019168 0.030451883161711706
1 0.136934974160499 0.3475714940181575 0.032906854255623764 0.028351753288490187
1 0.07855184564245679 0.35465943234028 0.027599297117619975 0.0309769156300171
1 0.10774340990147792 0.3604347894916391 0.027599297117619964 0.02782672082018486
1 0.05652548351974087 0.3793359583506326 0.027068541403819577 0.026776655883574065
1 0.08996309818974842 0.3811735592225323 0.03237609854182342 0.021001298732214905
1 0.13587346273289824 0.38616137277830104 0.026537785690019185 0.024676526010352477
1 0.10137433820215107 0.4066376543628135 0.028660808545220712 0.02467652601035262
1 0.23777857075059977 0.4462775980595678 0.027599297117619947 0.0315019480983225
1 0.1828453434042322 0.43918965973744517 0.02494551854861804 0.030976915630017032
1 0.1372003520173992 0.45100289027431617 0.032376098541823384 0.029401818225100983
1 0.04007205639192898 0.44417746818634635 0.02919156425902111 0.03255201303493323
1 0.0743058061994982 0.4785670923069145 0.030783831400422262 0.022576396137131027
1 0.1167662445011955 0.47909213498895525 0.03290685425562378 0.021526331200520374
1 0.12021616917578694 0.5029811046365482 0.031314587114222636 0.022051363668825773
1 0.18735676697153547 0.4932680039728987 0.029722319972821508 0.022576396137131027
1 0.15604218612475731 0.5153193727485921 0.029722319972821508 0.027826720820185002
1 0.22079438634212636 0.4804047110528509 0.02441476283481766 0.028351753288490187
1 0.2606010554759884 0.46465373445025593 0.03184534282802304 0.02415149354204722
1 0.3057152801809932 0.48066722473356976 0.03502987711082532 0.028876785756795514
1 0.2080562398097504 0.5140067864709611 0.028660808545220712 0.02835175328849033
1 0.26670474618469286 0.5158444001100299 0.03343760996942418 0.02572659094696327
1 0.24308611692057575 0.5336955040324125 0.028660808545220674 0.02572659094696334
1 0.27891211506721275 0.5365831851615259 0.029191564259021058 0.021001298732214978
1 0.3163304054250287 0.539208344949619 0.0329068542556238 0.02205136366882556
1 0.3372952561201438 0.5581095035948769 0.032376098541823384 0.026251643842739227
1 0.19766154672766054 0.5376944083950906 0.028689624540202276 0.021830968119083565
1 0.22877902330260574 0.5621452073546053 0.02559997266664201 0.03056335536671682
1 0.2766686273427895 0.5800465927184656 0.03222065525284254 0.027070400467663517
1 0.324999601100992 0.5828846355615228 0.03354479177008262 0.02576054238051853
1 0.3603099056213773 0.5896522356784386 0.02648273034480205 0.027070400467663517
1 0.2451100442575933 0.582448014075694 0.031779276413762506 0.023140826206228413
1 0.18905492778540264 0.5645466138477044 0.022951699632161784 0.02750701983004511
1 0.20935835438308423 0.5839761754736887 0.0282482457011222 0.028816877917190026
1 0.21244800365062694 0.6071169825688937 0.030896518735602427 0.02008449066955677
1 0.295868606842771 0.5990395519696446 0.02383445731032186 0.02925349727957176
1 0.32213065037405064 0.6099550307205687 0.02692411439591704 0.026633787475622905
1 0.2680617399807288 0.6110465759413521 0.025599972666641976 0.02445068429337347
1 0.29123412512340446 0.626109948190414 0.026924109183882054 0.024887303655755134
1 0.32632374673929343 0.6411733119456874 0.030896518735602393 0.02619716174290012
1 0.20516525541182393 0.6339690924663899 0.025158593827561974 0.02401406493099188
1 0.24069624935174924 0.6234902160902708 0.02736548802296217 0.03012675086846463
1 0.2618824453546697 0.6403000795912652 0.02824825091315722 0.03143661532595108
1 0.16544115989462077 0.5756804075884371 0.03310341293100258 0.02619716174290012
1 0.13476533057855838 0.586159272285597 0.028248245701122218 0.027070400467663375
1 0.16080668208428045 0.6016592596501463 0.0282482457011222 0.024887303655755276
1 0.13043431932789068 0.6099100876479436 0.030008352927440814 0.02410395744658274
1 0.08055163813210632 0.539224912541361 0.03222065525284253 0.025323923018136865
1 0.07150337193096562 0.5660770033278335 0.02383445731032187 0.030999974729098555
1 0.037737890741342955 0.5660770033278335 0.03398617060916267 0.026633781105281785
1 0.10504816370104823 0.5756826293002303 0.029131003379282275 0.030126736004335228
1 0.053848227488825486 0.6208727354301801 0.030896518735602427 0.029690116641953493
1 0.1035033390672769 0.625238933300891 0.030455139896522408 0.025323923018136654
1 0.0686344146889804 0.6496896324583937 0.02515859382756198 0.030563355366716678
1 0.1407998457575048 0.6638797383778803 0.03177927641376252 0.02750701983004532
1 0.6282888919308747 0.6254979789040874 0.03624743710185072 0.03187250996015947
1 0.08706944920336934 0.7017683277162828 0.03430008604981218 0.029362691536246217
1 0.1267161505817052 0.705760654391598 0.029426973769553902 0.03208002994206439
1 0.17536073810132854 0.7062062146968338 0.027625322314275138 0.026436320970775286
1 0.19803152511875283 0.6857106486792628 0.025523395616449812 0.030594843370672465
1 0.2202518886349302 0.6597198620108129 0.026724496586635702 0.0279215075421672
1 0.25898739758278133 0.6689280187534424 0.030928349982286215 0.026139283656496842
1 0.1396279860112034 0.7360584546695673 0.03122862522483272 0.026733358285053726
1 0.2382684049606228 0.7332366102961657 0.027925597556821558 0.032377067256342686
1 0.14398197880103164 0.7659107148667869 0.03273000143756507 0.029406694113559128
1 0.18391859049197337 0.7691781209900307 0.030327799497193303 0.024654097085105065
1 0.21845023895255586 0.7474944013815278 0.026123946101542794 0.032377067256342686
1 0.2537325799517659 0.7670988641239004 0.026424221344089175 0.030000768742115724
1 0.25268160951123525 0.7048695453379747 0.028526148041914466 0.02970373142783714
1 0.1370756375850358 0.7944262797022367 0.03092834998228625 0.026436320970775428
1 0.195178898790682 0.7979907462534572 0.025223120373903285 0.030594843370672323
1 0.24562513687913193 0.8048225972588292 0.025223120373903354 0.031188917999229345
1 0.16334972751301755 0.8201200174995594 0.024022019403717464 0.027921507542167063
1 0.19097504894084044 0.833189672329263 0.031829175709925724 0.024951134399383363
1 0.2213046836131621 0.8542778598215548 0.025827350073775398 0.028512670084627274
1 0.29825306982476013 0.7601706554902238 0.030906808040678975 0.0223597485416019
1 0.28902715425318476 0.792569465928544 0.026293851616696992 0.03148617651776604
1 0.26042682170088527 0.8632992960594085 0.02537126033190056 0.0314861765177659
1 0.2991756543005276 0.8619303252051868 0.027216442901493353 0.028748248124916387
1 0.2641171922872939 0.9057371817100397 0.029984216755882507 0.03057353372014944
1 0.3026353838747661 0.9210239574471771 0.03136810368307707 0.027379283928491985
1 0.3411535604823747 0.8466435605643778 0.029061625471086074 0.030117212321341215
1 0.34830364021593513 0.8144729019483998 0.026755147259095082 0.03057353372014944
1 0.3552230911935776 0.7626804231836691 0.02952292111348427 0.025553998333259074
1 0.37828786378084656 0.8053464739722355 0.03136810368307714 0.024185034136834673
1 0.3762120333900546 0.8368326504900014 0.027216442901493353 0.032398819315382216
1 0.40412040886069905 0.854629187262787 0.028600329828687945 0.02966089092253313
1 0.3517379218813986 0.9493483136359618 0.021680895192715113 0.031029855118957526
1 0.4080159957012012 0.9536833780209677 0.029061625471086146 0.032398819315382354
1 0.40086591324402915 0.9162650233186953 0.026755147259095155 0.0360493905058479
1 0.43131142564230984 0.9235661656996266 0.02583255597429883 0.03239881931538207
1 0.4511471137529279 0.9254197967830308 0.023064782119909567 0.0292045695237249
1 0.49450892865086227 0.9327209391639619 0.02767773854389162 0.0337677835118069
1 0.4820539531151401 0.874083639417108 0.029522921113484344 0.03331146211299881
1 0.5118075070699598 0.8850353529885049 0.029061625471086074 0.035136747708231296
1 0.5217253715523555 0.8275388567386716 0.029522921113484202 0.029660890922532986
1 0.5708533574677631 0.8022130191048166 0.0318293993254752 0.0282919267261083
1 0.5678549357921748 0.8343836666244667 0.030445512398280528 0.03148617651776576
1 0.5535547647497049 0.8941617831839349 0.029522914304455625 0.032398819315382216
1 0.5258770241631047 0.926104278881243 0.02767773854389162 0.032398819315382354
1 0.554938647591482 0.9274732408584019 0.029522927922513285 0.03148617651776576
1 0.5833083398125144 0.9087640812613905 0.02260348647751151 0.029660890922532986
1 0.5888438820740696 0.9409347154654469 0.029061625471086146 0.031942497916573984
1 0.5999149870242668 0.8841227101908886 0.025371268502734846 0.033311462112998666
1 0.29770783803344364 0.6607619876469388 0.02528226562991712 0.031171437705779823
1 0.3156619172172914 0.6763477029742794 0.02088534986819237 0.026097017614141436
1 0.33966173502140506 0.671092057119203 0.02931277174483135 0.026459476192115403
1 0.3422266144476653 0.7000887380688136 0.027847133157589757 0.029359162443656855
1 0.37721873030960895 0.6542377508711513 0.029679181391641763 0.02754685192603816
1 0.3792339844487559 0.6915709667747444 0.028579952451210602 0.026821934770089654
1 0.36329514534208784 0.7240110130289835 0.023816627042675478 0.027184393348063763
1 0.42778325778352866 0.6830531937179006 0.030411990950054427 0.030084047869659035
1 0.4261344192404862 0.7158556914990148 0.0322440489193145 0.026097017614141294
1 0.4495846366363512 0.6634804269817451 0.02491585598310664 0.03225881343970244
1 0.4803630448050447 0.6649302683447411 0.02784713315758985 0.02863422765996063
1 0.500698782366401 0.6430015173262036 0.0245494463362963 0.031171437705779893
1 0.473218051283793 0.7058880841302744 0.02894636209802101 0.031533896283753936
1 0.4721188299151903 0.7432213141360658 0.03700737432784962 0.025734559036167184
1 0.49978276365782376 0.6897586738848736 0.02857995245121053 0.02972160339388324
1 0.42265352759578734 0.7669623509933748 0.02748072351077944 0.02899668623793474
1 0.511691059872125 0.7731241468189362 0.0340760971533664 0.031896354861728336
1 0.5126070958877387 0.735066001419971 0.028579952451210672 0.030446520549831605
1 0.5353244939899828 0.6718169742751513 0.030778410332073066 0.02863422765996063
1 0.5681181584612027 0.6609432081220521 0.032610458566124975 0.023559807568321958
1 0.5219505418814037 0.7009948898020733 0.0245494463362963 0.03262127201767655
1 0.5560266357897007 0.7120498658536372 0.0245494463362963 0.02790931050401227
1 0.5433854975662934 0.7374219804140283 0.021984578808623496 0.027909310504012127
1 0.5635380367943832 0.7374219768884788 0.02491585598310678 0.025009641880218682
1 0.5803928729758328 0.7140434003719187 0.027114313863968887 0.028271769081986378
1 0.5935836278328352 0.741046575007644 0.033709687506555994 0.024284724724270318
1 0.598163744091206 0.8200625326665931 0.022350988455433766 0.03225881343970244
1 0.6115377048533035 0.9155703679627907 0.027114313863969102 0.02827176908198652
1 0.627295560112847 0.8894360383142106 0.026385984117259512 0.03399648226069573
1 0.7408337752212759 0.531400652572093 0.034643306035527247 0.02767940563211404
1 0.7201810390182356 0.5713820162629242 0.0253162621028855 0.031194250791747535
1 0.6948647834712238 0.5735787880774312 0.028869421696272612 0.02592198305229722
1 0.6504502741309597 0.6071895098737092 0.03064600149296652 0.028118761277068104
1 0.6899791785409185 0.6063107900367822 0.03242258128966 0.025482627407343087
1 0.7310625863394605 0.6205898484977935 0.02753698684875232 0.03207296208165587
1 0.7457193670398345 0.5911530459269185 0.03020185654379304 0.023285849182572066
1 0.7561567759677591 0.5645720037661343 0.031534291391313335 0.028118761277068246
1 0.7923545893253936 0.5538077904647566 0.03375501613718043 0.023285849182572066
1 0.8420988236328174 0.5502929453051231 0.02487211715371174 0.031194250791747535
1 0.7963518820673824 0.5861004389159082 0.03375501613718058 0.022846493537617932
1 0.7026373095923614 0.6344295406300773 0.02576040705205884 0.028997472566976584
1 0.6633304763458142 0.6399214968757779 0.03242258128966014 0.02767940563211404
1 0.6286871794885098 0.661010580654107 0.027092841899579126 0.02767940563211397
1 0.6393466635133707 0.6860538395959679 0.027092841899579057 0.02767940563211397
1 0.6617759742684061 0.7045067766840438 0.03819646562891478 0.02680069434220556
1 0.694808442127611 0.6942081707488 0.02664869695040565 0.03383038466147255
1 0.7132967883725234 0.6649647686381667 0.029313566645446088 0.029436828211930645
1 0.739501327262009 0.6741912435924684 0.02664869695040565 0.03295167337156428
1 0.7888014297320061 0.6752896262945902 0.026648696950405507 0.036905874176152195
1 0.8063451552243565 0.6476102206624762 0.029757711594619707 0.024603916117434538
1 0.8296627663671362 0.5836839572276044 0.03020185654379304 0.02592198305229722
1 0.8445416208532711 0.6115830577762327 0.02531626210288536 0.027240049987159835
1 0.8494272218500524 0.6410198838514087 0.029757711594619565 0.028118761277068315
1 0.726176991898553 0.7029690191061764 0.031090146442139997 0.026361338697251425
1 0.7474986704701856 0.7192531885166363 0.023090095334401893 0.03344702446977294
1 0.7823640489802994 0.7179351215817737 0.031539733413929835 0.028174756730322485
1 0.8301069100051347 0.7099987222459712 0.031090146442139997 0.02899747256697651
1 0.67088095097116 0.7319665002201714 0.02798113179792594 0.027240049987159835
1 0.64933991569155 0.7574491319010238 0.028425276747099205 0.03163360643670174
1 0.7195148176609516 0.7521768641615734 0.028425276747099274 0.030754895146793332
1 0.7479400839186536 0.7708494854823904 0.028425276747099274 0.033830384661472694
1 0.68109627955745 0.7917188722074505 0.02531626210288522 0.030754895146793332
1 0.7095215497486761 0.8081947153034966 0.027092841899579126 0.02855811692202238
1 0.6904233274236162 0.8242311824554198 0.030646001492966417 0.031633621393983874
1 0.6735458154215018 0.8486154282290181 0.03331087118800682 0.02855811692202238
1 0.7073008512263024 0.8525696268968511 0.03153429139131305 0.030315539501839198
1 0.6939764830834794 0.8800293568432427 0.03597574088304754 0.030754895146793332
1 0.6613318240745341 0.8936493626060309 0.027536986848752606 0.026361338697251283
1 0.7228459047797522 0.8831048463579222 0.027092841899578845 0.03251231772661001
1 0.7461635028107851 0.8670683503598119 0.029313566645446088 0.033830384661472694
1 0.7732563499550628 0.8525696354438699 0.02576040705205884 0.03383038466147255
1 0.7796964582739508 0.7840301484207524 0.03064600149296666 0.029436828211930645
1 0.8525362299383928 0.7715085125395578 0.0333108711880071 0.02899747256697651
1 0.8107865942266933 0.7315271595325001 0.026204552001232173 0.028118761277068104
1 0.8440974693482244 0.7361403638899539 0.028869421696272612 0.0268006943422057
1 0.5767222151905201 0.303155377924354 0.027092841899579057 0.031633606436701635
1 0.5580681286364109 0.33215285903834924 0.027092841899578914 0.028118761277068173
1 0.5651744478231859 0.2745972610023319 0.03153427565721804 0.02108904104323642
1 0.7065514175383867 0.26546704297078244 0.028425276747099416 0.02592198305229722
1 0.813007325528434 0.1891426051527789 0.027092841899579126 0.02504327176238885
1 0.7950194563980848 0.21089069248397407 0.031090146442139997 0.025482627407343018
1 0.8256654539575271 0.22165493142640752 0.03020185654379304 0.02855811692202238
1 0.8176708553618027 0.25197045169745474 0.03020185654379304 0.02504327176238881
1 0.7434986449163165 0.2713021107592124 0.027536986848752464 0.031194250791747535
1 0.7348378184074346 0.2954666712316928 0.03153429139131319 0.021528426602755283
1 0.7479401009639244 0.3191918611019366 0.028425276747099274 0.027679405632114004
1 0.7232900497289256 0.3444548256440851 0.029757711594619565 0.028997472566976584
1 0.7761433039252624 0.31238186356242936 0.023539692795588197 0.03163360643670171
1 0.830106904760436 0.2943682821193073 0.02664869695040565 0.03339102901651845
1 0.7994608980227711 0.3345693257693704 0.02576040705205884 0.030315539501838983
1 0.8318834898018285 0.3517041937858292 0.031978436340486666 0.02504327176238874
1 0.8576466178651952 0.32559053063768206 0.02576584907467506 0.028174756730322558
1 0.8127852346974018 0.3912462018317065 0.02931356664544623 0.03295167337156421
1 0.8465402783692503 0.3868526432454098 0.023095537357018116 0.031194250791747535
1 0.8423208961074039 0.4169485070615265 0.024427972204538406 0.028997472566976584
1 0.7848041251894452 0.42419787520327046 0.035531595933873915 0.022407137892663655
1 0.7492725292555711 0.44990018043309066 0.028425276747099416 0.028118761277068173
1 0.7514932540014382 0.47801894171015874 0.029313566645446088 0.021967782247709452
1 0.7317288037632207 0.4925176779936471 0.03508745098470087 0.026361338697251425
1 0.8027919956309691 0.4850486320294259 0.028869421696272893 0.026361338697251355
1 0.815894259831013 0.44880177422666806 0.030201856543793183 0.026800694342205632
1 0.8529830958988742 0.4549807680766911 0.03242802331227651 0.025977978505551603
1 0.8563141830176751 0.4892505083831178 0.031983878363103034 0.026856689795460013
1 0.8429870951747188 0.5158035271762189 0.034643306035527247 0.027240049987159766
1 0.8858470880146534 0.3189722003734968 0.027981131797925798 0.027240049987159835
1 0.866748863722832 0.35741581717023424 0.03153428221308939 0.02328584918257212
1 0.8842925885595946 0.39080686541754406 0.0230955373570184 0.028558116922022307
1 0.8665267853479586 0.42309948181737594 0.029313566645445946 0.02372520482752627
1 0.90183631274077 0.4198043187537287 0.03242258128966029 0.02680069434220556
1 0.9531350609261742 0.42463723084822474 0.031090146442139855 0.02767940563211397
1 0.903168752832989 0.4457262911222527 0.031534291391313335 0.023285849182572066
1 0.8805173433798736 0.46967118872953867 0.031534291391313474 0.025482627407343018
1 0.9173813951400627 0.469451495949779 0.03331087118800682 0.024164560472480473
1 0.9504701807417364 0.46879247530287566 0.029313566645446088 0.025482627407343018
1 0.8971727881520997 0.48812411727059596 0.031090146442139997 0.03075489514679326
1 0.9282629437724621 0.49581284533080355 0.028425276747099416 0.03207296208165587
1 0.874077259973304 0.5151444937087879 0.03286672623883348 0.023285849182571993
1 0.9002818185304097 0.5305219434189393 0.031978436340486666 0.024164560472480546
1 0.9582427278416685 0.5362335582563252 0.0333108711880071 0.024164560472480473
1 0.9404769298747314 0.5650113594110885 0.03331087118800682 0.021089070957801114
1 0.9178255374668867 0.5415058324060393 0.023539682306191592 0.02680069434220556
1 0.8563114620063669 0.5806084848069623 0.023983827255365072 0.02767940563211404
1 0.883404303905946 0.5828052630317331 0.023095537357017974 0.030315539501839198
1 0.9104971392496517 0.5979630199621248 0.0302018565437929 0.028118761277068104
1 0.8849588112280532 0.6276195388170605 0.029757711594619565 0.028558116922022307
1 0.9047232614662704 0.6473905428399991 0.027536986848752606 0.025921983052297152
1 0.8751876144791896 0.6667221912179835 0.02531626210288522 0.03207296208165587
1 0.9271525813995285 0.6267408275271521 0.039528900476434925 0.02680069434220549
0 0.42827506557250394 0.06226177140839937 0.030770906320270797 0.03154597372639793
0 0.4945723852203524 0.0500861512673511 0.02685460915223622 0.030439097455296254
0 0.5326164181559523 0.03957081323397781 0.02909249324825602 0.026011592370889524
0 0.5163917634147068 0.0904871243962366 0.023497783008206808 0.027118468641991206
0 0.5759754126065386 0.10902731539509716 0.0274140801762411 0.030992535590847085
0 0.541567961146561 0.14472406706338198 0.025735667104226465 0.028225344913092858
0 0.5695414958304821 0.13863625295548565 0.02797355120024612 0.030439097455296268
0 0.6031097638773076 0.14610766778542197 0.02909249324825602 0.03320628813305046
0 0.37568479757420364 0.10709029537857648 0.02965196427226104 0.03154597372639793
0 0.347711244722325 0.11732887127887097 0.02965196427226097 0.022137525422033608
0 0.4207222100517024 0.13282515253220184 0.0335682614402954 0.026565030506440355
0 0.33400420133093933 0.14389391524321865 0.030211435296265847 0.027671906777542058
0 0.3021143529626587 0.1369759385488331 0.0335682614402954 0.02711846864199119
0 0.30603065013069314 0.16547800252970146 0.030211435296265847 0.026565030506440337
0 0.27609895034642973 0.16713831693635395 0.033008790416290526 0.028778783048643744
0 0.23861438843483485 0.15634626252678674 0.028533022224251105 0.03043909745529625
0 0.26155269711577167 0.19148959490059095 0.03188984836828063 0.030992535590847085
0 0.22742497125800143 0.18650865168063338 0.028533022224251105 0.028778783048643744
0 0.24448883088362153 0.2150107129699203 0.03133037734427571 0.024904716099787835
0 0.22518708716198169 0.24794028472677673 0.02405725403221169 0.032099411861948715
0 0.2668676784503485 0.25651857582781473 0.030211435296265778 0.02822534491309291
0 0.29904068161788133 0.26654283721982025 0.027420935267065794 0.0283501378825769
0 0.41708565830546546 0.16990550223094528 0.026295138128231414 0.030992535590847102
0 0.541008480212761 0.1773769224440445 0.02797355120024612 0.03043909745529625
0 0.5093983657048503 0.1638176665903972 0.029651964272260897 0.028778783048643744
0 0.6548608385526608 0.16603145008578746 0.03188983845848591 0.025458135394268475
0 0.6271670063480919 0.18512507249124505 0.02909249324825609 0.028225344913092875
0 0.5989137311972705 0.18623194337918378 0.030770906320270797 0.02490471609978787
0 0.6341604040579485 0.220545107783336 0.027414080176241383 0.029332221184194544
0 0.4872992619082883 0.2357646457446582 0.02909249324825602 0.028778783048643675
0 0.4173653839076729 0.257348733031141 0.026854609152236364 0.02988565931974545
0 0.3728874374992816 0.2493238800656538 0.02965196427226097 0.03265284999749969
0 0.2836518322933514 0.30162376503413807 0.027973551200246086 0.028778783048643675
0 0.2377751769439299 0.2695243962374928 0.027973551200246156 0.028778783048643744
0 0.3642156415821027 0.2974729951669956 0.026854609152236295 0.027118468641991172
0 0.38995128473765783 0.3121391286375352 0.027973549548613797 0.03209943070301912
0 0.6330414504485109 0.2786561012498484 0.030770906320270797 0.029332221184194616
0 0.5941582440095539 0.28253017492765786 0.027973551200246263 0.029332234642101815
0 0.6456295666565793 0.24627998108645002 0.02349778300820674 0.02877878843180665
0 0.16853388936998065 0.23158054502137002 0.0263729342897153 0.03144921052581665
0 0.14198032174361216 0.24712646506423497 0.028901845796948322 0.031091833133477884
0 0.17919144287455346 0.2678543555579499 0.029624391941871976 0.02680330442541191
0 0.12644557109554505 0.30627242523437365 0.03251457652156681 0.027160681817750786
0 0.10458856727601767 0.3307527705263624 0.03215331838046811 0.025373807022498144
0 0.16112779031798674 0.32449867224365375 0.028901845796948288 0.027160681817750748
0 0.18117844797267146 0.3468347731693347 0.02998566501433384 0.0260885496407343
0 0.2207378472741926 0.38328725328339064 0.026011661217253526 0.02823281399476727
0 0.1898489995787041 0.40901841857953386 0.029985665014333876 0.02608854964073423
0 0.2113447473901844 0.43314140125271977 0.028901845796948322 0.029304946171783756
0 0.20104846482502153 0.4613742135094241 0.03432094188387605 0.026445927033073104
0 0.15299914618759503 0.47692013007616296 0.027095480434639007 0.02608854964073423
0 0.11823872676909744 0.42913379791571993 0.029624391941871994 0.026445927033073104
0 0.09989200453570253 0.4579791282822053 0.032153303449104984 0.02680330442541191
0 0.23970468517822868 0.5065824353906238 0.0314307690359666 0.029662332254437897
0 0.16004397110060117 0.5437497146099647 0.02890184579694834 0.028947568779445022
0 0.13385166801448709 0.5553644703016299 0.027095480434639066 0.03216397052468335
0 0.161489056991293 0.6384547114133121 0.02962439194187201 0.030377078348800168
0 0.11831692589862744 0.6479252157864169 0.03287584959402869 0.027875436602428395
0 0.09013763477881025 0.6665088506164141 0.031430757304181274 0.026445927033072962
0 0.11163339005597203 0.6852711585000134 0.028901845796948288 0.02823281399476713
0 0.15859888840948708 0.6838416402403429 0.03540476110126168 0.0260885496407343
0 0.22958903861603386 0.6841990237159021 0.029263118869410132 0.031806600084596306
0 0.21152538872578194 0.7168990585910306 0.029985661814756162 0.029304958338225405
0 0.279986639690144 0.6872367202533725 0.028901845796948322 0.028590191387106074
0 0.3137656634331199 0.706356415957689 0.029263118869410184 0.028947568779444738
0 0.29028511742909313 0.7347556558860063 0.03215773005855915 0.030709930215900415
0 0.3318315292944137 0.7335048176321899 0.029267545478864284 0.028923043254206107
0 0.10422949470997185 0.7361851654553615 0.03288027620348283 0.030709930215900415
0 0.1712434240818704 0.7440597247662147 0.03468221175676026 0.027160687031939773
0 0.11759438508633338 0.7705056578825085 0.02926311886941015 0.029304946171783825
0 0.16582434345956862 0.7919483118512158 0.028901845796948305 0.02859019138710593
0 0.21622193386841942 0.7740794318058966 0.03504348802879985 0.025016417463717886
0 0.21694448641249864 0.8021335571044945 0.02781802657956266 0.035380361841543785
0 0.315391395458776 0.7805122248679957 0.029624391941871976 0.029304946171783825
0 0.30509732193223654 0.8223131048425774 0.030712637768711665 0.02856566586186716
0 0.26788620986676553 0.8303541231101775 0.02853614718155824 0.03106731282242854
0 0.23988532011467087 0.8948729904164198 0.03251457652156684 0.03502298444920484
0 0.3242425878671433 0.8789696999334679 0.02781802657956277 0.035380361841543785
0 0.34158368574657894 0.9193533400535664 0.02926311886941008 0.0360951166262214
0 0.3780722585995447 0.9524107401545926 0.032153303449104984 0.03859675837259317
0 0.4519526104502012 0.9622386288722885 0.031069484231719357 0.0360951166262214
0 0.4875380112872716 0.9706369975922507 0.035043488028799814 0.032163965310494265
0 0.37120807555539914 0.8727155920914126 0.035043488028799814 0.030734455741139043
0 0.3731950785204652 0.904522166105064 0.03684985339110909 0.032163965310494404
0 0.41311576209297046 0.8877254477838323 0.028540575924064136 0.03144921052581678
0 0.44617224928975596 0.8907631538806475 0.03251459251945616 0.03180658791815538
0 0.442017604157078 0.8519877033357605 0.032153303449104984 0.03573773923388259
0 0.47959000369311083 0.9064877556674316 0.03215330344910505 0.032521342702833064
0 0.5028921200664782 0.8487713207092153 0.030346938086795703 0.03287872009517187
0 0.5480512445254766 0.8562762181393221 0.02962439194187205 0.0314492105258168
0 0.576230558575601 0.8641385346752791 0.0303469540846843 0.032878720095171794
0 0.41510276025866993 0.8066007745087296 0.03034693808679563 0.02859019138710593
0 0.4483398829251605 0.8046351988508661 0.03179203037664315 0.031091833133477992
0 0.47001628327076056 0.8307237571819155 0.02817929965202467 0.030377078348800098
0 0.49982129575097467 0.8049925762432051 0.02926311886941008 0.033236097487510816
0 0.5424515183014733 0.7672892613514588 0.032875849594028776 0.030019700956461434
0 0.6022422117939101 0.7849794422722307 0.028901845796948322 0.03109183313347785
0 0.39396828445312565 0.7238678994919765 0.02926311886941015 0.035380361841543785
0 0.3914393740124186 0.766038440478273 0.03287584959402871 0.02966232356412249
0 0.43984996572230695 0.7481695708613318 0.027095480434638972 0.0318065879181556
0 0.45935871376829895 0.7744368039840464 0.03432094188387616 0.03216396531049412
0 0.5556379833132791 0.6968859011562061 0.03323712266649046 0.025016417463717744
0 0.6087451270982235 0.7102875672734164 0.027456753507100872 0.03109183313347785
0 0.605313030776784 0.8516303120389174 0.028540572724486495 0.03287872009517187
0 0.6177769539097697 0.7624646665548848 0.028901845796948253 0.03109183313347785
0 0.6408984262812248 0.7928417414275587 0.03106948423171943 0.02823281399476713
0 0.6269894119249174 0.823933590203604 0.029263118869410222 0.031091833133477992
0 0.6338536056343222 0.8577057416131819 0.0270954804346389 0.03359347487984977
0 0.6631167170380511 0.8173221032311468 0.027095480434638972 0.032163965310494265
0 0.727242699131815 0.8332253902379724 0.03323712266649054 0.028947568779444738
0 0.7509060811119629 0.8055286423317134 0.03359839573895243 0.030019700956461434
0 0.7167657757643178 0.7835499327028757 0.028901845796948322 0.03252134270283321
0 0.6873220139595211 0.7603203917724736 0.02781802657956277 0.02966232356412249
0 0.598990746676072 0.6815186819759514 0.030346938086795703 0.030019700956461292
0 0.6363825171415552 0.7161842942470068 0.026372934289715176 0.03359347487984962
0 0.697437664254556 0.7226170612381597 0.0292631188694102 0.03216398269112407
0 0.7666214565644757 0.6781236071771108 0.026734207362177215 0.036095116626221536
0 0.7397066094664896 0.6463170288183018 0.030708211159258002 0.028232826161207848
0 0.770595462494608 0.7512072647917077 0.029624391941872115 0.0314492105258168
0 0.7940782175372579 0.8269713049907361 0.031792030376643084 0.032878720095172016
0 0.8101548660622327 0.8019548823128294 0.028540572724486422 0.034308229664527234
0 0.8320118784139674 0.7853368335690739 0.028179299652024526 0.036095116626221536
0 0.7985941181447201 0.7637155030706383 0.03070821115925753 0.030019700956461292
0 0.8878285755750054 0.7206515116512423 0.029985665014333876 0.035380361841543646
0 0.7608410810059305 0.619335020923185 0.029624391941871976 0.030019700956461292
0 0.6676326379095058 0.5828825269046247 0.027456753507100872 0.030734455741138974
0 0.8166577824330723 0.6080776417548271 0.032875849594028776 0.024659040071378938
0 0.8367084272894462 0.6586465384256135 0.030346938086795762 0.030019709646776773
0 0.8170190501729044 0.6779449132667524 0.02926311886941008 0.030734455741139186
0 0.848449803744245 0.6861646210995537 0.03432094295040183 0.02716069572225556
0 0.9053464459495237 0.6741924367426898 0.036127299780504024 0.02823281399476711
0 0.9539415478355247 0.596820243467776 0.03070821115925753 0.030734455741138974
0 0.962250831701725 0.4963971875302508 0.03215330344910484 0.026445927033073104
0 0.9024601350097106 0.5698382520842578 0.03106948423171943 0.028232813994767198
0 0.8743128103969479 0.5461145528453162 0.029985665014333734 0.03109183313347785
0 0.8085291383026803 0.5271316519617051 0.033237122666490676 0.025731172248395495
0 0.7682471885901319 0.5130152467023844 0.03359839573895243 0.028947568779444807
0 0.8748227449663787 0.2957297921603783 0.029985665014333876 0.028947568779444915
0 0.8300248775819535 0.3287871939994675 0.03287584959402864 0.027875436602428395
0 0.7794466538364495 0.45780043958603583 0.030708211159257672 0.024301662679040204
0 0.8081678630971667 0.3648823175779411 0.034682214956337984 0.028590191387106074
0 0.8930670137951837 0.3614872479932896 0.03251457652156688 0.03109183313347785
0 0.912575777839065 0.38507414719733696 0.03251457652156674 0.03109183313347785
0 0.9364197963554433 0.4041938255210229 0.033237122666490676 0.029304946171783756
0 0.8031100422157528 0.3028773330549027 0.028179299652024384 0.030377078348800202
0 0.775472650039369 0.2753592807970653 0.03576603417372354 0.02751805921008959
0 0.789413986957229 0.23970143022189522 0.03100487110439541 0.029107363477500002
0 0.7129724085034684 0.23461825807043912 0.02926311886941008 0.02966232356412256
0 0.7155013285429086 0.11168044205813522 0.02781802657956277 0.032521342702833154
0 0.6844318357789818 0.16582311004521513 0.025650388144791522 0.026445927033073104
0 0.6936443023263366 0.18851655707810022 0.029624391941871813 0.02680331137766413
0 0.6779289375390825 0.21782152584470282 0.03215329491689785 0.027518080066846043
0 0.6725098350529999 0.2508789259457296 0.03359839573895243 0.026445927033073104
0 0.05965677236474694 0.41833999065557465 0.032347225984559816 0.024654519825469665
0 0.08564058614907555 0.4298804143955273 0.02916553788727803 0.025703648328681078
0 0.06893670485278043 0.44955156362611587 0.02863524923223328 0.027277341083498358
0 0.03049123760839655 0.49754919264804087 0.02916553162542279 0.03094929084473854
0 0.07211840547377271 0.5114501402132793 0.029695814018612286 0.026228212580286795
0 0.03579406310575541 0.5326949898521552 0.0312866611981808 0.02990016234152705
0 0.0397711810546767 0.5930198787868152 0.03287751777053218 0.026752776831892575
0 0.0827240533375628 0.5980032468305395 0.032877508377749304 0.026228212580286795
0 0.8607025967345764 0.23840478870266735 0.015546349732012764 0.03134142229663228
0 0.11884899935011299 0.5329161315099503 0.02981874451528398 0.027530722802192927
0 0.14795776956603876 0.4147868552628629 0.031238684730297485 0.026126094087795336
0 0.22917834818807165 0.35930402377665643 0.028398804300270405 0.02809257428795199
0 0.26098499726719054 0.32123858698273094 0.03010273255828672 0.030059054488108607
0 0.9382261691834342 0.37149379933620935 0.03684985339110909 0.028232813994767198
