1 0.04598071007981476 0.5020405592405724 0.022331838289355702 0.023129937731486395
1 0.05911357073921976 0.5836762026527357 0.02101819709301127 0.01768759944172487
1 0.061191132527784936 0.47840225984896056 0.021713013525838088 0.024533455851667156
0 0.21118801988510277 0.3801122665285374 0.026647789327164943 0.021466773870208868
1 0.10188985218379563 0.25840594173054776 0.024087282009600024 0.023886499942663023
1 0.0688339013408339 0.36244491925859107 0.026649758819131942 0.02600974438201085
1 0.13340831694103822 0.3709378970159824 0.021524805200068133 0.0249481221623369
1 0.1462207009886978 0.36085248592908015 0.023574786647693653 0.02600974438201085
1 0.06755265537129725 0.45692930713571966 0.022037300561974494 0.022824877722989145
1 0.08446500987897859 0.44073955795954206 0.02408728200960005 0.02123244439347822
1 0.08882122801995357 0.4595833471956787 0.02357479269951015 0.022824877722989072
1 0.09189619262662116 0.48665471896043877 0.02767474954294472 0.02176325550331512
1 0.1065023134668614 0.4723228060871532 0.022037300561974504 0.023886499942663023
1 0.10727104440608787 0.44631309010205555 0.01947482375244258 0.023886499942663023
1 0.11777720386403112 0.42401901058121555 0.01691234694291065 0.021763255503315194
1 0.12828335273129546 0.39933629397379705 0.023574786647693635 0.020170822173804268
1 0.15160189018508177 0.39243575212745424 0.022037300561974504 0.02123244439347822
1 0.16467051737483218 0.3794308799364488 0.02152480520006815 0.022824877722989145
1 0.17902039204707335 0.3693454636864715 0.019474823752442597 0.021763255503315194
1 0.1849141008126298 0.38580060809141714 0.02306229128578728 0.016455144404945655
1 0.17235795082933614 0.40490980804554755 0.024599777371506412 0.021763255503315194
1 0.1387895182410553 0.4155260302422867 0.02716225418103832 0.017516766624619606
1 0.15467687446015316 0.4264076579939443 0.0251122727334128 0.01910919995413046
1 0.17620167966022127 0.4256114413291888 0.02408728200960006 0.020701633283641243
1 0.19055154979359998 0.4415357642981472 0.019987319114348985 0.02707136660168466
1 0.21387008649090927 0.4441898275919446 0.022549806514559775 0.023886494779587947
1 0.13494579697494083 0.48081579675223224 0.024599777371506395 0.019640011063967365
1 0.12905210636483397 0.4362276635259279 0.021012309838161727 0.022824877722989072
1 0.19157654051741274 0.48081579675223224 0.022037300561974504 0.023886499942663092
1 0.17671731023680232 0.4989232147610496 0.026143542964299726 0.02188294637818714
1 0.15698310358873188 0.31759138047736835 0.023574786647693635 0.024417311052499998
1 0.14622070098869785 0.26397945838383585 0.01742484230481706 0.02547893327217391
1 0.1372520321553361 0.2576097250657923 0.01998731911434895 0.02229406661315217
1 0.1623642988369323 0.2565481028461184 0.016912346942910616 0.022294066613152096
1 0.16415803865542122 0.2756573028002488 0.024599777371506395 0.015924333295108683
1 0.18747657762216172 0.2695529750371239 0.014862365495285097 0.024948122162336935
1 0.17594543197926807 0.28998920276584667 0.02664975881913193 0.01910919995413039
1 0.17620167966022127 0.3109562416044064 0.018962328390536173 0.020701633283641278
1 0.1721017288686033 0.3401508474823639 0.01998731911434895 0.022824877722989072
1 0.185170348493583 0.33254126687097796 0.018449833028629795 0.0235300394691753
1 0.19183278819836594 0.2992783971879933 0.023574786647693635 0.01964001106396733
1 0.19567650341266385 0.3154681360380205 0.0251122727334128 0.015924333295108683
1 0.13186181308975398 0.1954372498587862 0.02625303013436895 0.020702444654479388
1 0.21091923073862354 0.07678444024833037 0.023866391031244553 0.025028328612131823
1 0.17631296374331895 0.20192608330898945 0.025656370358587886 0.025028328612131858
1 0.2007760145503446 0.21536722274883802 0.020883092152338953 0.023483370055827388
1 0.1712413556491795 0.23993206379407853 0.023269731255463454 0.02317437834456648
1 0.1939144271288618 0.24425794775173096 0.016706473721871225 0.020084461231957604
1 0.2681985692136104 0.1889484314360322 0.023866391031244518 0.025028328612131858
1 0.2599944972966201 0.23498819641390434 0.02476138069491622 0.025028328612131858
1 0.22717820258298438 0.2604800125929275 0.017601463385542856 0.023483370055827422
1 0.24791212979137803 0.26264294856077397 0.022673071479682286 0.02533732032339266
1 0.20510179836511233 0.2516737473192472 0.019391443593595504 0.01699454111385895
1 0.20569845770053882 0.26820480537444963 0.022971401367572888 0.01297765187295724
1 0.21479751928120072 0.2782470104437644 0.024463050807025617 0.014522610429261675
1 0.24597298904292667 0.2935421332115672 0.01939144271288619 0.022865386633305604
1 0.22956485577745783 0.29400561176198875 0.013424844955075059 0.02626429545717535
1 0.21628916872065354 0.29941296821179925 0.017899793273433388 0.022865386633305604
1 0.19480941326969625 0.3520960519762907 0.021479760735213196 0.016376575724276247
1 0.2080850950422446 0.34699770226519033 0.02058476226444842 0.02162941978826204
1 0.21196338534624048 0.3238233134014093 0.01640814383398059 0.024101353478349203
1 0.2243440756936986 0.32227835484510486 0.018496453049214524 0.022865386633305604
1 0.23970806492006222 0.3142445703523218 0.014618164506637256 0.02595530374591444
1 0.2538787345948637 0.316407512331148 0.016109813946090023 0.023483370055827422
1 0.2523870851554109 0.3391184031088232 0.026849689910150083 0.023174378344566548
1 0.22807320545729573 0.34359878292210594 0.021778081816010618 0.022247403210783858
1 0.21912330177490452 0.36321973930560547 0.025358040470697354 0.016994548627583622
1 0.242243868967132 0.35889387262951994 0.019689772600776756 0.021320428077001168
1 0.1974943981134789 0.39813580793769304 0.017303133497652255 0.023792361767088367
1 0.2179299831040516 0.4094140174206749 0.022374741591791755 0.01421361871800073
1 0.2176316452897772 0.3955094054413846 0.02476138069491622 0.01297765187295731
1 0.23031068798321336 0.3772788749413079 0.01968978404999789 0.021629419788262102
1 0.24373552721367786 0.3792873255727385 0.019093112824995623 0.025646312034653604
1 0.2632761260634162 0.3630652607315419 0.019988102488667215 0.02224740321078379
1 0.28326422855208355 0.3570399223619546 0.021778081816010656 0.020702444654479422
1 0.29057331080540216 0.3686271115342379 0.020883092152338988 0.017921519253131492
1 0.30802560924699973 0.3664641695554117 0.019988102488667357 0.022865386633305677
1 0.23896223579678924 0.4061696104634154 0.017899793273433353 0.025646312034653534
1 0.25238709043966684 0.4083325464312618 0.014916494394527859 0.026264295457175423
1 0.26193364156790877 0.38222274682971685 0.028043009461712315 0.021629419788262112
1 0.2716293673278984 0.40014425706637874 0.024761380694916183 0.021011436365740366
1 0.272822682475914 0.4239366278499366 0.022374741591791755 0.024101353478349238
1 0.29161745924805393 0.40725107393910376 0.017601463385542894 0.027809254013479858
1 0.2895291579592038 0.3842312109858521 0.02595470024647838 0.018848494386914112
1 0.30802560924699973 0.3914924981675435 0.019391442712886117 0.025337320323392733
1 0.3113072432980517 0.4165208342934001 0.02297140136757282 0.026573287168436224
1 0.13037016100817325 0.5132352324043328 0.02147975192812007 0.022865386633305604
1 0.14633081001031803 0.5407354947065518 0.020584762264448386 0.023483370055827492
1 0.14677830484215387 0.565918319174314 0.023866391031244518 0.022556394922044802
1 0.1815337367814037 0.5291483055342685 0.021778081816010618 0.024410345189610112
1 0.20808509328082597 0.49176030546621136 0.024761380694916183 0.016994544119348733
1 0.20480346803686714 0.5225049837421595 0.02058476226444842 0.02348337005582735
1 0.22807319929233053 0.5269853635554423 0.024164720919135085 0.01884849438691404
1 0.2286698484995999 0.5036564833442655 0.019988102488667323 0.022865386633305604
1 0.2520887552675204 0.4999485888201147 0.025059710582806823 0.019775469520696802
1 0.2502987609681187 0.5191060613935852 0.026849689910150083 0.018539502675653238
1 0.26969020896526075 0.47615622705302657 0.022076411703901188 0.022247403210783858
1 0.27386682475360064 0.5002575760231409 0.02207641170390115 0.02162941978826204
1 0.27878926526166686 0.5209600191748752 0.024761380694916183 0.02039345294321848
1 0.2731210123638046 0.5424349491184867 0.022374741591791755 0.02255639492204466
1 0.2954957433870846 0.556185081772341 0.02297140136757282 0.024719336900871056
1 0.28296589866419297 0.580904417170467 0.024761380694916183 0.02533732032339266
1 0.29266162002063606 0.49036984577102727 0.020883092152338988 0.024719336900870914
1 0.2995232118456655 0.5095273318692023 0.02505971058280675 0.021011436365740366
1 0.29907570820673646 0.5293028058981339 0.02237474159179168 0.019157486098175056
1 0.15244657359278377 0.6232362756022288 0.02565637035858785 0.017921519253131492
1 0.19913520016694652 0.6354414542080136 0.02714801979804065 0.020084461231957604
1 0.20092517949428987 0.6612422620982976 0.02237474159179179 0.023483370055827492
1 0.2483596316688884 0.6229272899019478 0.025358040470697354 0.024719336900870914
1 0.2795351049534515 0.6108766131627731 0.020883092152338953 0.01977546952069666
1 0.30951725340219666 0.5952725317440986 0.021181422040229485 0.020702444654479492
1 0.2719276831244399 0.6346689704216266 0.02476138069491622 0.022865386633305604
1 0.29191579530090966 0.6292616199827958 0.02416472091913512 0.023792361767088367
1 0.2189741262624475 0.6726749569176955 0.020883092152338953 0.02595530374591448
1 0.26894439393333675 0.6647956667777979 0.022971401367572853 0.02502832861213193
1 0.2889324823306551 0.6587703223972309 0.024761380694916183 0.024719336900870983
1 0.2473154744191435 0.6845711347957496 0.02446305080702569 0.01823051096439215
1 0.21390252961752906 0.6980122757383432 0.02923632901327455 0.021629419788262255
1 0.2626794662876351 0.6986302591608649 0.027148019798040685 0.019775469520696875
1 0.23836558042455472 0.7079000104986914 0.026849689910150083 0.019157486098174983
1 0.29146830046907385 0.7001752177171693 0.026849689910150153 0.02348337005582735
1 0.3163806737972967 0.7121062353699179 0.02118507741895229 0.028805902685671184
1 0.1901853035302298 0.7219591333610619 0.02834133934960288 0.023792361767088436
1 0.20435597320503127 0.7485324205294981 0.019689772600776756 0.021938411499522772
1 0.2361281062653756 0.7482234288182373 0.02535804047069728 0.021320428077001168
1 0.2605911614759477 0.729065930698103 0.01939144271288619 0.02502832861213179
1 0.18750033453921483 0.7845299548913914 0.021778081816010618 0.021011436365740224
1 0.2282223642362758 0.7962716399193053 0.02326973125546342 0.02039345294321848
1 0.19704689095171268 0.8191370265526108 0.022374741591791755 0.021011436365740224
1 0.2194216325435044 0.8114122337710887 0.019391442712886155 0.017921519253131492
1 0.24597299256576396 0.7752602035535648 0.024761380694916183 0.022247403210783858
1 0.27580598135481954 0.7426615780155413 0.021181422040229485 0.02502832861213179
1 0.2965398962332829 0.7448245229998574 0.023866391031244553 0.023792361767088294
1 0.2717785278682971 0.7673809149164122 0.021479751928120017 0.02255639492204466
1 0.2762534761866554 0.7927182352398049 0.020883092152338953 0.023792361767088294
1 0.2553703813921885 0.7975076022561141 0.02207641170390115 0.022247403210783858
1 0.25179042890246706 0.8222269466707097 0.02028643237655789 0.024101353478349095
1 0.23926239689687848 0.8312225370555004 0.021483407306842835 0.024171051060678073
1 0.1408117070843427 0.9057575280654296 0.025656370358587904 0.021629419788262112
1 0.2243440704094427 0.918889687815977 0.021479751928120086 0.028736229147262548
1 0.30369982146904007 0.8160471109427471 0.02267307147968239 0.02348337005582735
1 0.3156969000628837 0.785688442101566 0.014021504730856083 0.02533732032339283
1 0.3277692867532195 0.7907125288407895 0.015214824282418476 0.026573287168436446
1 0.34263187095804837 0.8160471409976455 0.022971401367572853 0.024719336900870845
1 0.3047439804802036 0.8455558178654163 0.021181422040229485 0.02502832861213193
1 0.2981807229466113 0.8678032210762003 0.022971401367572853 0.020084461231957677
1 0.3217487761635814 0.8722835918730135 0.02416472091913505 0.02595530374591448
1 0.32488124086714165 0.8463282971435688 0.02147975192812005 0.025337320323392733
1 0.3354719589329309 0.8653312873861134 0.01521482428241832 0.026882278879697026
1 0.3603825019296644 0.8364405503612609 0.025059710582806715 0.018539502675653238
1 0.35531089031268775 0.8741375511570487 0.022076411703901257 0.025337320323392733
1 0.36769158682511105 0.8957669709453105 0.021778081816010656 0.025337320323392733
1 0.3893204948900833 0.8937585248221148 0.022076411703901188 0.02441034518961018
1 0.3136938806397575 0.7361727550845528 0.024761380694916183 0.023174378344566548
1 0.3298036668435042 0.7505408696581839 0.024761393905555852 0.021629419788262102
1 0.3460626593845339 0.7720157965963055 0.01968977260077672 0.021320428077001168
1 0.34457102051359295 0.7270574965968665 0.022076411703901188 0.022865386633305604
1 0.3541175769260907 0.7520858252089982 0.022076411703901188 0.02039345294321848
1 0.36724409199327523 0.7358637603678017 0.021479751928120124 0.02688227887969717
1 0.3678407517690563 0.7094449690549959 0.023269731255463454 0.027809254013479716
1 0.38574052478617543 0.7218046375054314 0.02386639103124459 0.021629419788261828
1 0.4066236257456075 0.7320013699880203 0.022076411703901188 0.024101353478349095
1 0.36256240304547077 0.7795664228786495 0.016408143833980645 0.02348337005582758
1 0.37485150061164724 0.7632095463500744 0.021778081816010656 0.021629419788262112
1 0.3943920959385482 0.7613555855632947 0.022076411703901188 0.02039345294321848
1 0.38633718940585793 0.7429705494397458 0.022673061791879678 0.02070242511879431
1 0.42049777120414705 0.7451016991231129 0.023571716522076756 0.022492778773483338
1 0.4281033900036581 0.7635185034982015 0.024463050807025724 0.017303535830609746
1 0.4070711188160248 0.7865384130365467 0.019988102488667323 0.023174378344566406
1 0.4102211126416569 0.9029448411135106 0.020868008984764187 0.019907445132926114
1 0.41736017969528333 0.8844593480485772 0.020868008984764118 0.025026502452821547
1 0.4212042866135293 0.8719460968221665 0.015376427672984149 0.021613797572891117
1 0.4305399748435555 0.8631299425490134 0.021966325247120225 0.019907445132926114
1 0.44124855840152655 0.8489103388826377 0.015925585804162097 0.01876987683961616
1 0.4514079562681323 0.8574421038486778 0.015376427672984149 0.018769876839616017
1 0.4692556117432924 0.8691021871537512 0.019220534591230135 0.019338660986271208
1 0.4371298610693792 0.8946974709870128 0.020868008984764187 0.017063524399650875
1 0.43218744923708946 0.9077794980614337 0.021966325247120153 0.017063524399651017
1 0.45635040538773425 0.9382094388426176 0.024162957771832153 0.021045013426236353
1 0.4698047812227828 0.8910003657351101 0.023613799640654208 0.02104501342623621
1 0.47062852490429974 0.9103390045916612 0.026359590296544225 0.019907445132926114
1 0.49204568553549194 0.8804778590219919 0.018671376460052187 0.0216137975728914
1 0.4935215968118649 0.8980038320947618 0.02086800898476411 0.017632308546305965
1 0.49369313885358856 0.906642029351863 0.025261274034188118 0.020476229279581305
1 0.4338349236306234 0.8176272108166107 0.009884846361204111 0.022182581719546304
1 0.44509265883502264 0.8187647818761356 0.011532320754738024 0.019907445132926114
1 0.42477380717084273 0.796013416009934 0.02031885895952369 0.01876987683961616
1 0.44811303504125166 0.7968665701001969 0.021966325247120083 0.022751365866201353
1 0.43795360961445856 0.7826469774986811 0.019220534591230205 0.01820109269296111
1 0.45772330233686664 0.7652990693243477 0.028007064690078208 0.0233201500128564
1 0.4629403013406828 0.7903255883744589 0.024162957771832225 0.024457718306166498
1 0.48353373450223286 0.7826469857973263 0.024712115903010243 0.022751365866201353
1 0.4596453493112398 0.7365754699182682 0.02526127403418826 0.01820109269296097
1 0.4585470395336337 0.7050079497789141 0.02745790655890019 0.019907445132926256
1 0.48600494609253386 0.7408413510181814 0.021966325247120225 0.01876987683961616
1 0.5368020732264993 0.7641615010310376 0.024712115903010173 0.02104501342623621
1 0.5272453573290765 0.7793501599992679 0.024712115903010246 0.014219603666375855
1 0.5020883458383367 0.8062152218560614 0.015332490836636603 0.02617275697033391
1 0.5115408170253736 0.829571724922021 0.02031885085358617 0.01763230854630592
1 0.5332325453738423 0.8113705852034053 0.024162957771832225 0.022182581719546447
1 0.5384495541047832 0.7874816676411838 0.021417167115942062 0.024457718306166498
1 0.5606904422056178 0.7769591636942806 0.026359590296544225 0.020476229279581162
1 0.5648091265682652 0.80056366981967 0.0203188508535861 0.024457718306166498
1 0.5233476957702633 0.8777113891056629 0.020868008984764118 0.01820109269296097
1 0.5310359128491302 0.8876651310356308 0.019769692722408153 0.017632308546306062
1 0.5406461850083076 0.905297431283292 0.02251548337829825 0.018769904501765616
1 0.5562971868833185 0.890509051768906 0.02306464150947626 0.01763230854630592
1 0.5728149478733691 0.8984959398284792 0.020868008984764295 0.016963635732260753
1 0.5884229262089193 0.9092789369071673 0.021417167115942347 0.019907445132926256
1 0.6087417835472554 0.9001783794958268 0.023613799640654135 0.019907445132926256
1 0.5346054407017873 0.8543912584563114 0.017023902066518132 0.023888934159511307
1 0.5475106567844705 0.8450063200365033 0.010983162623560147 0.025595286599476595
1 0.5601412808320646 0.8447219196645309 0.01757306019769608 0.019338660986271065
1 0.5543751334241955 0.8600790999228617 0.013728953279450095 0.012513251226410773
1 0.5612396100639205 0.864629373096102 0.012081478885916042 0.014788387813030823
1 0.5768906168024936 0.855813218822949 0.015925585804162024 0.014219603666375917
1 0.5796364074583836 0.8427311834498832 0.014827269541806132 0.017632308546306062
1 0.5859517259669308 0.8276584035635249 0.018671376460052257 0.01820109269296111
1 0.6018773182558429 0.8211173582148419 0.02526127403418819 0.021045013426236353
1 0.5848534032198248 0.8000723752169708 0.01976969272240801 0.02104501342623621
1 0.6070943075325337 0.8017787248907209 0.022515483378298243 0.02104501342623621
1 0.5771651958680826 0.873445527369255 0.015376427672984078 0.01876987683961616
1 0.5941890833439135 0.8666201148431797 0.015376427672984149 0.02104501342623621
1 0.5977586014694455 0.8421623882383684 0.01592558580416224 0.02104501342623621
1 0.6139587728239465 0.839318459206448 0.018671376460052114 0.017632308546306062
1 0.636748853100896 0.8302179322234724 0.019220534591230135 0.021045013426236353
1 0.6696983409715764 0.8262364431968873 0.019220534591230062 0.0187698768396163
1 0.6922138243498747 0.8287959718568348 0.020318850853586243 0.01820109269296111
1 0.7327205249044023 0.8474048820660333 0.018122223192436566 0.023888934159511478
1 0.7185733181857634 0.8990410919733384 0.020318852474773542 0.022182595550621072
1 0.7338215947253122 0.8690096424287088 0.018741823682612485 0.016176201852204832
1 0.6587148800495186 0.7898337612753753 0.024712132114884666 0.02104500512759102
1 0.6848001895789716 0.7867059450043624 0.020868008984764118 0.0216137975728914
1 0.61093841445078 0.8731611408283577 0.015925585804162097 0.026164070746131644
1 0.6305473252130422 0.8473877489484187 0.015376427672984212 0.022751365866201453
1 0.6361996949697182 0.8054758218439786 0.02251548337829817 0.02388893415951145
1 0.623294478887035 0.7918250023242577 0.016474743935340114 0.017063524399651156
1 0.6197249510343781 0.7716331651180041 0.017023902066518062 0.024457718306166498
1 0.6381217484288411 0.7733395064931092 0.016474743935340187 0.022182581719546304
1 0.6229237419592895 0.7483779146065831 0.020109056967137703 0.02272115110760012
1 0.6313786742231684 0.7308636962632589 0.023308225121000704 0.020827721848633587
1 0.6489740869266553 0.7500346559997081 0.021937153055059326 0.023194508422341897
1 0.6007580768932398 0.6873148210049075 0.024222273164961408 0.02366786573708353
1 0.6366344578965177 0.6511029795208162 0.024679287742573844 0.022247779980151917
1 0.7029029458058599 0.6151278305068024 0.01828096087921594 0.02130107916337522
1 0.7195843226081448 0.6456593773076402 0.025136321208922112 0.020827721848633515
1 0.7431210597401354 0.5969035738892481 0.021937153055059326 0.02461458036656694
1 0.7792259507306102 0.652286377411906 0.022851201099020103 0.02366786573708353
1 0.555741220172538 0.6101575694935438 0.02376524914298095 0.020827721848633515
1 0.4645649237398613 0.6245949675931649 0.020566080989118093 0.024141223051825377
1 0.4551959258924815 0.6011637897219232 0.0219371530550594 0.021774436478116853
1 0.5484288263764837 0.5760758520406145 0.0219371530550594 0.01893429258966691
1 0.5536846026292583 0.5554848088493518 0.026964417296843877 0.02130107916337522
1 0.5982444434231521 0.5457809838971478 0.0255933452309025 0.020827721848633515
1 0.6361774385967212 0.5883831422238981 0.02193715305505947 0.026508009625533617
1 0.6608567330852724 0.5765492208659453 0.024679297186941652 0.024614580366567083
1 0.6894207223162886 0.561401782189976 0.02056608098911795 0.019881007219150176
1 0.7152425943993308 0.573945744124277 0.021937153055059326 0.026034652310791984
1 0.7671148208941065 0.5744191014390186 0.023308225121000562 0.027928081569758588
1 0.8103635850536958 0.5793406251256081 0.026627381439744434 0.023570409500687027
1 0.8075614468393724 0.6596234065819309 0.022851201099020245 0.023194508422341897
1 0.6005295675806402 0.5228231541321766 0.021023110407880238 0.024141223051825377
1 0.5744791956293668 0.509095792004668 0.021023105011098622 0.02224779379285849
1 0.5571122827941113 0.5135926864947139 0.014624768703372766 0.020827721848633445
1 0.541573471443559 0.5057822931035942 0.02285120109902003 0.024141223051825235
1 0.515980120815875 0.520693046215839 0.018280960879216154 0.020827721848633587
1 0.4926718956948746 0.5192729742716139 0.02102310501109855 0.022721151107600333
1 0.6457749430583095 0.5254266193632557 0.026507393274863348 0.02461458036656687
1 0.6197245603134727 0.5393906601481351 0.0219371530550594 0.02319450842234204
1 0.6176679657065148 0.5114625785783764 0.019652032945157386 0.026034652310791984
1 0.6492026191755764 0.4953684114602172 0.023308225121000562 0.025087937681308573
1 0.6028146944365195 0.49489507256241794 0.019195008923176927 0.02224779379285856
1 0.6236144214629514 0.48330314248491363 0.024679297186941868 0.021301079163375293
1 0.6373199932548907 0.4631801347768437 0.020566080989118305 0.02130107916337515
1 0.723469020049001 0.4205779626373865 0.022851201099020245 0.024141223051825235
1 0.742664035718155 0.44803269840299237 0.02102310501109855 0.020354364533891882
1 0.7668863021371394 0.44424583988505906 0.023765249142981018 0.02130107916337522
1 0.7678003508556981 0.46625695271842965 0.02559334658009791 0.01893430179813813
1 0.767114822243302 0.4877947036328216 0.024222273164961335 0.023194508422341897
1 0.7815110775864893 0.5128826505226014 0.024679297186941652 0.02130107916337515
1 0.31374699108954673 0.627198442032715 0.021480129033078974 0.024614580366566798
1 0.3263151516940079 0.6094475427299024 0.024679297186941868 0.019407649904408474
1 0.3114618534401045 0.5741824273858834 0.016909888813274952 0.021774436478116926
1 0.3281432477819294 0.5654253124589268 0.021023105011098622 0.025087937681308573
1 0.32631514224964 0.5412840940113373 0.01645286479129453 0.021301079163375293
1 0.31854573117758234 0.5211664058326986 0.019195008923176857 0.021774436478116853
1 0.3386547935415017 0.5211663851136383 0.02102310501109855 0.02461458036656694
1 0.34345353767712344 0.5502778783871934 0.023308225121000562 0.02130107916337515
1 0.3292858091860759 0.5869630771860262 0.026050369252882958 0.01798757796018343
1 0.34733824456234785 0.5668453613819741 0.022851201099020172 0.017514220645441794
1 0.36653326562828326 0.5410474107497308 0.02376524914298095 0.019881007219150176
1 0.3708749924879018 0.5604550376329617 0.022394177077039855 0.021774436478117068
1 0.35944939328758707 0.585542998335448 0.024222273164961335 0.017040863330700092
1 0.3553361770897635 0.6040039336103732 0.024222273164961408 0.016094148701216896
1 0.3583068305342454 0.6212814594836196 0.0255933452309025 0.020354364533891882
1 0.33477009610064534 0.6593867394351486 0.023308225121000562 0.020827721848633445
1 0.3466527233705266 0.67761098914635 0.02605036925288303 0.022247793792858347
1 0.3674473224420143 0.6413991476622585 0.023765266682521113 0.019881007219150305
1 0.3861852985734406 0.6518130085865752 0.0255933452309025 0.019881007219150176
1 0.3784158901997738 0.6752442094789948 0.019195008923177 0.02130107916337522
1 0.43828603707920655 0.6222281902279275 0.020109056967137776 0.026034652310791842
1 0.40789393961750975 0.6111042933314982 0.025136321208922185 0.020827721848633445
1 0.38641381058443086 0.6241216194868943 0.022394177077039713 0.018460935274925205
1 0.37453119410811275 0.6016371470366647 0.023308225121000562 0.02556129499605028
1 0.38092952097147076 0.5789159867205933 0.022394177077039713 0.017987577960183573
1 0.39601131234762854 0.5943000879391088 0.023308225121000562 0.024141223051825308
1 0.4067513795625588 0.5741824227816479 0.0219371530550594 0.01893429258966677
1 0.44765502952980485 0.5779692812995813 0.022394177077039713 0.02366786573708367
1 0.45542443790347165 0.5573782381083184 0.023308225121000562 0.025087937681308573
1 0.46707854101960417 0.5384439409144162 0.02559334523090257 0.023194508422341897
1 0.43920007567879965 0.5367871834064668 0.024679297186941795 0.021774436478116853
1 0.43165918876049075 0.5606917393115102 0.02605036925288303 0.02319450842234197
1 0.4110931077713726 0.553828058247756 0.025136321208922112 0.023667865737083602
1 0.3907555387932446 0.5587983100525434 0.019195008923176927 0.026034652310792054
1 0.39235512287017615 0.5341837296859766 0.027878465340804653 0.019407649904408686
1 0.4088079782171028 0.5157227782962268 0.025136321208922254 0.02224779379285849
1 0.36104897736451846 0.520693046215839 0.022851201099020103 0.020827721848633587
1 0.3861852958750498 0.5171428571468053 0.024679297186941652 0.026034652310791984
1 0.9036364000087181 0.7027919334873457 0.02657016876585956 0.025442781485688924
1 0.8946125750270041 0.6648873789527892 0.021556929376074833 0.022327338854788225
1 0.9087342408872945 0.647039871285398 0.02307955677290849 0.02589641434262951
1 0.8823588506761224 0.5989407599502583 0.024157668885006558 0.025646550163556655
1 0.8515578299794027 0.5754835737721737 0.0241576688850067 0.027523127004792442
1 0.8714878961120381 0.5776729042937708 0.018118251663755133 0.023144447708575627
1 0.8234745381176662 0.5357626881728366 0.025969494051382044 0.025646550163556655
1 0.7981089857884095 0.5079267983611715 0.018722193385880104 0.027523127004792657
1 0.8168311773913739 0.4932269555646686 0.018722193385880246 0.0268976013910472
1 0.8307218156052617 0.5029226025777207 0.018722193385880246 0.021267870867339694
1 0.8509538864743615 0.5448328095721433 0.0241576688850067 0.020016819639849148
1 0.8639386335000526 0.5360754509797093 0.021137960274380845 0.020016819639849148
1 0.8702800215823668 0.5573433218470492 0.024157668885006842 0.020016819639849148
1 0.8717898758876799 0.5007332538031007 0.022345843718631214 0.021893396481085004
1 0.8811509707977042 0.4838440835271713 0.024157668885006842 0.024395498936066105
1 0.9010810333645078 0.4757122414219711 0.020534018552255874 0.016889191571122664
1 0.9037987871603138 0.489161029948813 0.023553727162881587 0.017514717184868047
1 0.9176894360716975 0.44787633944162414 0.028385260939882927 0.023769973322320795
1 0.7984109548665562 0.44756358576126304 0.02294978544075633 0.024395498936066105
1 0.8080740295522226 0.4256701923223485 0.02294978544075633 0.023144447708575485
1 0.773045404320215 0.4197276868230864 0.02657343577350744 0.022518922094830245
1 0.8002227764670999 0.3984598037870649 0.025365552329256927 0.023769973322320795
1 0.7808966484907583 0.39501943116448857 0.022949785440756473 0.025646550163556655
1 0.8458203782704662 0.3562368370279401 0.024761603475468057 0.02314444770857565
1 0.8292119844778557 0.32714989598878425 0.025365552329256927 0.02502102454981145
1 0.8385730758220479 0.3775047078952797 0.023553727162881302 0.024395498936066105
1 0.8237764982812337 0.36812182977344127 0.018118251663754848 0.0268976013910472
1 0.8074700824813494 0.36687077246160976 0.020534018552255874 0.024395498936066105
1 0.7863321222069685 0.3556113053298538 0.0217419019965061 0.020642345253594385
1 0.7609665698777115 0.3843854896464778 0.0217419019965061 0.020642345253594385
1 0.7636843076272748 0.36843458649597294 0.022345843718631214 0.020016819639849075
1 0.7603626281555864 0.35029434369735973 0.0241576688850067 0.020016819639849075
1 0.7799907305588231 0.33590725153904777 0.021137960274380987 0.016263665957377355
1 0.29795314073254187 0.45683574597472254 0.02279700612678937 0.021035908405893197
1 0.3085226629785948 0.47765698868286427 0.024040491424574185 0.02146523144991241
1 0.31971390951905476 0.49719032280720343 0.022382515106302386 0.020177299899530324
1 0.333184867684885 0.47808631694656106 0.0244549824450612 0.02232382116543768
1 0.34624134461928685 0.4553331810885874 0.024040479188250714 0.01717217012725975
1 0.34624134461928674 0.503200605318324 0.021553533065328097 0.023611733924982233
1 0.35660361034240495 0.48280866999517 0.020724551024354058 0.019747995646348784
1 0.36696589197274393 0.46069948425335594 0.019066586942405764 0.024470342431345174
1 0.33712254216857107 0.42463792698611047 0.0232114971472766 0.025328950937708115
1 0.3406457158427112 0.39845036754203933 0.020310060003867036 0.023611733924982233
1 0.35991953483540456 0.41047089080686305 0.02238251510630242 0.021894516912256207
1 0.3686238597255892 0.43236539310402294 0.020724551024353985 0.01931869139316724
1 0.39183535687286564 0.4392342715942813 0.02238251510630242 0.01931869139316724
1 0.3866542191167771 0.46220204913949126 0.018652095921918674 0.024041038178163773
1 0.38147308503158583 0.4834526013204918 0.02238251510630242 0.020177299899530255
1 0.3740122429919212 0.5038445616980962 0.023211497147276532 0.020606604152711795
1 0.3978454534209137 0.4971903562131375 0.02279700612678951 0.018460082886804372
1 0.40364832281320345 0.47808630441933564 0.024454970208737735 0.02318242967180069
1 0.4038555560871234 0.45962621735678966 0.021553533065328166 0.025758255190889656
1 0.42623811157329344 0.45361596407586136 0.020724551024354058 0.02318242967180069
1 0.43805110198627817 0.4821646802094638 0.02196802408581526 0.021894516912256207
1 0.43432068647279154 0.5010540840524165 0.020310060003866894 0.016742865874078205
1 0.4521437734338242 0.5019126716800706 0.02196802408581526 0.024470342431345174
1 0.4649930219888356 0.4864577394442457 0.016994131839970308 0.02275312541861922
1 0.47286834158903107 0.5111427193870854 0.020310060003866894 0.024041038178163773
1 0.3308414885742138 0.33391561965709066 0.02518941709546006 0.02513514652263467
1 0.3306878927538148 0.35539186791906796 0.024267853055382246 0.01972631752409299
1 0.3531126113810238 0.3448923933546789 0.024267853055382177 0.020362650347450852
1 0.35295902734980045 0.3265978215884109 0.02457504106874147 0.020680816759129746
1 0.37016153886758585 0.3334383886079526 0.020274408881711777 0.022907981640882227
1 0.38936078698196114 0.34489239644940883 0.02611098113553787 0.020998983170808713
1 0.3621746677505786 0.37400461692856996 0.012901896561089287 0.02513514652263467
1 0.3764589040237671 0.3705047864001018 0.015666588681322723 0.023226148052561086
1 0.40088035380640796 0.361755182226361 0.024575041068741543 0.01972631752409299
1 0.37645890583748637 0.39675351536361275 0.019967224495791133 0.020362650347450863
1 0.3870573198396823 0.39175412071225957 0.026110981135537892 0.015908320583946048
1 0.4134750659815766 0.3887993550716397 0.023346289015304507 0.018453651877377412
1 0.4239194511809144 0.3701866199884229 0.022117536961867402 0.021953482405845434
1 0.41762210416192674 0.34648322231834344 0.023039101001945214 0.020362650347450925
1 0.4056417716409152 0.32707507120592927 0.021810348948508106 0.023544314464240018
1 0.4265305438533102 0.32723414048548355 0.025496605108819424 0.02577147934599246
1 0.39857644733365205 0.40343501000887 0.020581596895071 0.019089984700735058
1 0.3845993927258053 0.4199796634161739 0.023346289015304434 0.022907981640882227
1 0.4080992630517539 0.4244339792533935 0.022424724975226625 0.022271648817524435
1 0.4219227272803599 0.4069348219689577 0.024267853055382246 0.020998983170808713
1 0.42745210970710723 0.43095639533490643 0.018124092788196863 0.02640781216935032
1 0.45955326345116865 0.3870494320705805 0.024575041068741543 0.021317149582487573
1 0.4448082388099237 0.4118664199183614 0.01966003285499326 0.021953482405845434
1 0.46508264497105645 0.42061599159743657 0.02088878490843044 0.020362650347450852
1 0.4497232515579704 0.43143365423661495 0.023960665042022954 0.016544653407303826
1 0.45218075566484456 0.4468647205609475 0.023346289015304434 0.013044822878835731
1 0.4446546493375424 0.4621367129636306 0.02303910100194514 0.015590154172266963
1 0.46216436881959994 0.46468205663598233 0.02119597292178959 0.0194081511124142
1 0.4718407776375217 0.4387514631368498 0.021503160935148743 0.020362650347450925
1 0.4870465897399636 0.4226840779154446 0.021810348948508036 0.01813548546569841
1 0.49349754346166624 0.4454329763504874 0.017509716761478274 0.022907981640882157
1 0.48336033539337164 0.47088629083216593 0.017509716761478344 0.027998644227744906
1 0.4833603254179153 0.493794263188858 0.02365347702866373 0.01781731905401955
1 0.5033275598891629 0.48536286101619175 0.01873846881491552 0.024498813699276808
1 0.5045563074083015 0.46054586697895067 0.019967220868352474 0.023226166620941294
1 0.5197621312999197 0.47390894833768415 0.017816897519960326 0.02449883381502239
1 0.5205319624333604 0.49669363901302943 0.019356616012140927 0.019161740938858106
1 0.5162313284326108 0.4413326857019453 0.02304286491757509 0.02425238959943549
1 0.31210302157301767 0.28078185830664654 0.023346289015304434 0.020680816759129677
1 0.3291519508732992 0.26916878892246104 0.021810348948508106 0.02481698011095574
1 0.33068789638125345 0.2410110568467816 0.02242472497522666 0.02322614805256116
1 0.3587955996036267 0.24260188890517617 0.023960665042023023 0.02004448393577196
1 0.3830634526590089 0.24260188890517617 0.01966003285499319 0.017499152642340584
1 0.4039522303125618 0.24292005531685512 0.022731912988585918 0.021317149582487607
1 0.34589370304253736 0.28650885371686713 0.022117536961867402 0.02386248087591898
1 0.3600243498433444 0.27107777037151926 0.020274408881711777 0.023544314464240053
1 0.3783020339176419 0.2655098581671382 0.016895340734759897 0.023862480875918947
1 0.3984228506063935 0.2639190400350288 0.019045656828274672 0.021317149582487645
1 0.41685412959423024 0.26900971190608164 0.018431280801556225 0.021317149582487573
1 0.43712853847594213 0.26550987054605846 0.020888784908430297 0.025771479345992495
1 0.3724654734529916 0.2944630124614751 0.022424724975226695 0.019408151112414097
1 0.3501943352295671 0.3083032529168731 0.023346289015304507 0.018453651877377412
1 0.3948901911733408 0.2847589260737128 0.02426785305538232 0.017817319054019443
1 0.3941222211399426 0.30559883841760227 0.01781690477483764 0.022589815229203333
1 0.37492297030498817 0.3141893315329331 0.024882229082100835 0.018771818289056306
1 0.4239194620632305 0.2985991603396508 0.025189417095460128 0.018135485465698445
1 0.45955325982372996 0.3009854378271781 0.022117536961867402 0.02418064728759788
1 0.47245516091911754 0.2755321125139444 0.02211753696186747 0.02481698011095574
1 0.4615499900723022 0.24514722019860755 0.02181034894850818 0.02258981522920326
1 0.49073284408655554 0.26535078424548886 0.024882229082100835 0.020998983170808748
1 0.49749098763533683 0.31037133459278604 0.02549660510881935 0.023862480875918878
1 0.5030203718758035 0.3410743933198018 0.021195972921789732 0.020998983170808713
1 0.37292624821815296 0.21221699658983936 0.021503160935148813 0.020998983170808713
1 0.39012877696627213 0.21810307520589936 0.018431280801556156 0.02322614805256116
1 0.4454226193709405 0.23353414617232693 0.020274408881711777 0.019726317524093026
1 0.445576225166796 0.21858032172868774 0.02119597292178959 0.01654465340730379
1 0.46953687841964326 0.22351190420444098 0.02119597292178959 0.02004448393577196
1 0.48443549978814693 0.22033024163501694 0.015973776694682015 0.02386248087591898
1 0.5207826255938702 0.4200795647717882 0.025112365413252107 0.019404166628279214
1 0.5112160101983457 0.36496347445529315 0.024315147463625165 0.018991312019166883
1 0.5437026345851693 0.3585642280140522 0.020727666690303223 0.02435842193762703
1 0.5628358571389934 0.3719820088338125 0.021524884639930308 0.023945567328514626
1 0.549681776267851 0.39510186092049276 0.024713756438438567 0.018165602800942225
1 0.5626365679492905 0.41079033606676096 0.025112365413251965 0.018991312019166883
1 0.5714059689254273 0.3895283236974764 0.019531839765862813 0.02188129428295305
1 0.5887454546228298 0.3705370036468297 0.021524884639930308 0.0243584219376271
1 0.5919343323050704 0.3944825790068242 0.02232210258955739 0.02188129428295305
1 0.6130605950259764 0.39757898857516666 0.02152488463993052 0.022294148892065522
1 0.5305485454768016 0.45496577924177956 0.02551097438806558 0.02146843967384079
1 0.5454963820323089 0.44567655053675226 0.024315147463625095 0.02188129428295305
1 0.5618393429391846 0.4314330584908973 0.021923493614743706 0.02146843967384072
1 0.5837628412609144 0.4091389497562312 0.02272071156437093 0.015688475146268244
1 0.5855565769405894 0.4233823634951574 0.02630819233769266 0.019404166628279214
1 0.617245996321997 0.41863456159267537 0.023517929513998014 0.019817021237391402
1 0.6226272127749937 0.44319942288207836 0.02152488463993052 0.026009840374076276
1 0.6032946610220874 0.4320523464281756 0.021126275665116837 0.02270700350117771
1 0.580972569023248 0.4425801389605398 0.021126275665116837 0.017339893582717494
1 0.555461604049154 0.4667321335936109 0.024315147463625023 0.018578457410054414
1 0.5385207249730722 0.4791177738748504 0.017538794891794964 0.02353271271940244
1 0.5554615887514504 0.48964555435999474 0.021923493614743918 0.023119858110290038
1 0.5698114941935404 0.48200774409141656 0.025112365413252177 0.025184131155851688
1 0.5769864910425774 0.4605393164647959 0.02272071156437093 0.02105558506472846
1 0.5917349960455094 0.47436995189366854 0.021126275665116837 0.018991312019166814
1 0.5999064917966511 0.45248862749266594 0.020727666690303223 0.02311985811029011
1 0.6158508390217277 0.4671449540689336 0.023119320539184328 0.024358421937626957
1 0.6164487795491164 0.3709498662874218 0.01953183976586267 0.021881294282953122
1 0.595721112858813 0.33812792486299226 0.02272071156437093 0.02229414889206538
1 0.6178439109609637 0.33688936103565525 0.018336012841422188 0.02559698576496402
1 0.6445507122734699 0.341637189040447 0.019930448740676353 0.02270700350117771
1 0.6427569601193445 0.36516990376771913 0.021126282725595785 0.021055601127687996
1 0.6425576673994022 0.3895283236974764 0.024713756438438494 0.02270700350117771
1 0.6720547409495744 0.3628991933782516 0.02232212141750117 0.018165618863901764
1 0.6746456828114124 0.33214152098364375 0.02192349361474385 0.02105558506472846
1 0.67703733783704 0.3804454861553459 0.02272071156437093 0.02518413115585162
1 0.6977649974668645 0.37838123118061406 0.02192349361474385 0.025184131155851688
1 0.6359806263754577 0.3230587256067826 0.021126275665116906 0.020229875846503802
1 0.6102703404395068 0.31418235753447754 0.02551097438806558 0.019817021237391437
1 0.5877489357160354 0.3003517381685646 0.025909583362879046 0.021055585064728426
1 0.5375242025360385 0.2951910455153107 0.016342967967354412 0.022294148892065414
1 0.5534685544681007 0.2906496448150752 0.015545750017727542 0.02146843967384079
1 0.540912385882432 0.2702133336325353 0.021524884639930308 0.02270700350117771
1 0.5203840083818317 0.2518413135663869 0.016342967967354554 0.021468439673840826
1 0.5373248980486316 0.24874490199017438 0.018336012841422188 0.023532712719402403
1 0.5855565828243218 0.2495706112083991 0.024713756438438636 0.021881294282953087
1 0.6070814639340127 0.23326284611698245 0.020727666690303296 0.02229414889206545
1 0.6371764462394196 0.23801068215325402 0.026706801312506058 0.021055585064728426
1 0.626812612894268 0.2576212760860893 0.025112365413252034 0.0239455673285147
1 0.6082772967421854 0.2861082300597499 0.024713756438438636 0.0239455673285147
1 0.6377743585248935 0.2780575631741896 0.02471375643843835 0.02105558506472846
1 0.6331903564912844 0.302003146565664 0.023517929513997872 0.026009840374076276
1 0.6563096723234833 0.3013838526047757 0.02272071156437093 0.024771276546739322
1 0.6742470608923878 0.30014529078530877 0.020329057715489825 0.026422694983188607
1 0.690789338054135 0.2991131663097477 0.01993044874067621 0.025184131155851653
1 0.7077302371349066 0.28280540121833114 0.02192349361474385 0.018165602800942152
1 0.6628867251148921 0.2764061608007 0.021524884639930377 0.021881294282953156
1 0.6632853340897056 0.24028138250337178 0.020727666690303296 0.023119858110290038
1 0.6748449861220727 0.2646398044409989 0.023916538488811624 0.020642730455616168
1 0.6292042667431491 0.2163358151748571 0.020329057715489752 0.020642730455616095
1 0.7017511001592106 0.22479933466165966 0.01873462181623566 0.020229875846503837
1 0.6868032636037035 0.2369785456304732 0.01993044874067621 0.020642730455616133
1 0.6989607202492428 0.35340409957226065 0.023517987174576264 0.0214684958941989
1 0.7430071290524105 0.3690920205464165 0.019930448740676353 0.0247712765467395
1 0.7232759847991411 0.36289920140973164 0.02272071156437093 0.023945567328514626
1 0.7398182572539024 0.3437014620860086 0.020727666690303296 0.02270700350117771
1 0.758552879070138 0.32966440537618963 0.024713756438438567 0.01940416662827918
1 0.7709097572893573 0.3152144940572584 0.02630819233769273 0.013624202100706704
1 0.7758923694745263 0.3050995561340064 0.024315147463625095 0.014037056709818963
1 0.7752944501285738 0.28528253489661504 0.01913323079104913 0.024771276546739322
1 0.7577556611205111 0.27248402595117327 0.017538794891795106 0.02229414889206545
1 0.745996696363512 0.2811539888054917 0.015545750017727613 0.017339893582717602
1 0.7346363405813265 0.2906496448150751 0.021524884639930235 0.014862765928043658
1 0.7268634655724628 0.3077831110932365 0.01873462181623566 0.0169270389736052
1 0.704939946069297 0.31294379169927056 0.02192349361474385 0.01816560280094219
1 0.7149052033885358 0.3218201858738853 0.024315147463624953 0.017752748191829894
1 0.7186919874725177 0.3387471887058309 0.023916538488811482 0.018578457410054552
1 0.7113996586060994 0.30350192400724696 0.023916538488811465 0.01733989358271762
1 0.6995587507977363 0.26113054026354404 0.01993044874067607 0.021881294282953087
1 0.7434057380272242 0.24502920046881368 0.020727666690303438 0.02105558506472846
1 0.7294544239087506 0.26174982217721254 0.01993044874067621 0.015688475146268244
1 0.7938297545131917 0.3168659124937076 0.021126275665116906 0.02353271271940237
1 0.3007504714968046 0.17773390922285487 0.017140185916981635 0.023532712719402403
1 0.3212788336997011 0.17401821774084397 0.022322102589557424 0.02353271271940237
1 0.3575522374635209 0.19528023011012863 0.02232210258955746 0.021468439673840826
1 0.3360817021342132 0.10570673832159116 0.013340460615306688 0.026548437087570424
1 0.3496028411079844 0.10812350322387188 0.012755487194032739 0.023945567328514758
1 0.38186740140159636 0.09454370347885192 0.02232210258955746 0.02394556732851472
1 0.42093106681236436 0.09289230311323238 0.014349923093286919 0.024771276546739374
1 0.43368656459711524 0.09082801400471098 0.009566615395524565 0.028074113419637926
1 0.5018486863460171 0.052845389966377304 0.024713756438438567 0.021468439673840774
1 0.538720029460479 0.06956600163542637 0.021923493614743918 0.02683554959230098
1 0.4996563652264574 0.0747266701942406 0.017937403866608647 0.023119858110290065
1 0.5205833199297171 0.07864880504376744 0.019133230791049057 0.02353271271940238
1 0.37728339466100136 0.12571422847470226 0.025112365413252034 0.023532712719402403
1 0.4015985421246265 0.12137925507902285 0.017937403866608647 0.025596985764964
1 0.4167456596326113 0.12942992798819306 0.021126275665116764 0.018578457410054518
1 0.4310955803724053 0.14346699674523186 0.020329057715489825 0.02435842193762703
1 0.391035404292068 0.14140270362097052 0.020727666690303296 0.01940416662827918
1 0.39721383869469196 0.15151763351274256 0.0155457500177274 0.02146843967384081
1 0.41236098444459157 0.1645225617312606 0.021923493614743918 0.0210555850647285
1 0.378479221585442 0.15956830642191266 0.025112365413252177 0.022707003501177762
1 0.38047225939903084 0.19961520551367798 0.024315147463625023 0.022707003501177745
1 0.3824653113335772 0.18041746418208496 0.01953183976586267 0.016514184364492906
1 0.4006020126271139 0.18021102081456905 0.017538794891795176 0.02105558506472846
1 0.4089728069819303 0.20064731994988905 0.023916538488811413 0.023119858110290076
1 0.4300990755865682 0.19775736178054248 0.02152488463993045 0.02229414889206545
1 0.44604344281633446 0.18248173722764663 0.022322102589557316 0.023119858110290076
1 0.46976066740376765 0.18557814679598902 0.024315147463625023 0.020229875846503802
1 0.4526204909007576 0.20766586838349832 0.016342967967354554 0.023945567328514734
1 0.4725509396414339 0.20622087725160515 0.020329057715489825 0.018578457410054483
1 0.5169958356261561 0.13706774628825089 0.02710541028731974 0.02394556732851472
1 0.5433040326708346 0.14160913092552666 0.02232210258955746 0.020642730455616133
1 0.5373248980486318 0.17608249078640562 0.02232210258955739 0.022707003501177745
1 0.5668219621848326 0.12344352812458446 0.023916538488811482 0.022294148892065414
1 0.4906876479954493 0.10754862567376006 0.019133230791049272 0.02105558506472846
1 0.5070306159628037 0.10754862567376006 0.009566615395524636 0.02600984037407631
1 0.5173944446009696 0.10775505297831621 0.008769397445897553 0.025596985764964
1 0.7059364943947527 0.24172637363526492 0.01913323079104913 0.01610132975538061
1 0.7292551194213439 0.21138155986550922 0.021126275665116764 0.01816560280094219
1 0.726664161085056 0.19259667515089848 0.010363833345151648 0.02105558506472846
1 0.7386224256224758 0.19610594133622317 0.011958269244405812 0.026422694983188607
1 0.7477904367501728 0.1818624553139781 0.016741576942168025 0.022707003501177745
1 0.6925830937384996 0.17546320887273711 0.0195318397658626 0.02146843967384079
1 0.6862053501414832 0.20828515029716677 0.02272071156437093 0.02105558506472846
1 0.6547152411312147 0.20064734002858878 0.024315147463624953 0.014037056709818963
1 0.6527221962571471 0.18495886488232052 0.020329057715489682 0.020642730455616133
1 0.6706595930632772 0.1878488471461068 0.017140185916981635 0.02146843967384079
1 0.6742470808970775 0.16885753512693996 0.017140185916981635 0.019817021237391527
1 0.691387266814059 0.15647189685357027 0.029895673111014247 0.021468439673840774
1 0.6702609970326745 0.1403705731217996 0.017140185916981493 0.024771276546739357
1 0.6451486257356902 0.1290170653476008 0.02670680131250613 0.015275620537155934
1 0.6471416564888003 0.14367339393173842 0.027504019262133212 0.01403705670981898
1 0.6587013202886319 0.15461402300238528 0.024315147463624953 0.013624202100706632
1 0.6178439074307234 0.13252633956440543 0.019930448740676284 0.01816559476946232
1 0.6218299795276628 0.14800834323297818 0.021524884639930377 0.01362420210070665
1 0.6040918942694183 0.11436072672411336 0.02272071156437093 0.020642730455616133
1 0.5941266793130516 0.12777849348878395 0.023517929513998014 0.020229875846503802
1 0.5658254315105735 0.1486276572725662 0.023517929513998084 0.01981702123739149
1 0.5598463051255957 0.166380407472266 0.022720711564371002 0.018991312019166866
1 0.5889447520497579 0.1649354203561128 0.02590958336287919 0.019404166628279214
1 0.5544650627841771 0.18743597848190469 0.02152488463993052 0.024771276546739357
1 0.5718045590722977 0.19589950399231718 0.01873462181623566 0.02353271271940244
1 0.5921336320854913 0.1925966751508985 0.019531839765862813 0.024358421937627064
1 0.6100710359521 0.20415660420604353 0.024315147463625023 0.01940416662827918
1 0.6069232514831275 0.18375474638829128 0.025222000829724377 0.011931029833176907
1 0.6166056140302442 0.19060511099525396 0.02311932053918447 0.014862765928043625
0 0.062426564578270546 0.5684285472314836 0.020659149658089824 0.018606499091046943
0 0.4160291840281198 0.5403234593478297 0.02200648550535649 0.018120925726091086
