0 0.18934771470357398 0.1941803260131843 0.07754239745003502 0.07304035836093874
0 0.2880790010714635 0.24584311772495912 0.0784440532343378 0.07304035836093867
0 0.15733893436082694 0.43993586302013354 0.07664074166573233 0.0853351448456657
0 0.32681907660885506 0.5627466590928603 0.06824319243765327 0.08147111616096128
0 0.9409453867405932 0.41976525352851907 0.07923751032452415 0.08023483365949119
0 0.9585955452665924 0.2933221642453026 0.0871613258411526 0.07240704500978486
2 0.19177521564091238 0.06474963049658791 0.07282604411675923 0.07057370460766123
2 0.1804165545061557 0.10256857062261336 0.08177854368248681 0.06952045717143732
2 0.2715370734830771 0.1051753600498862 0.07837469509708374 0.06372188862633489
2 0.38701839458878334 0.05001825666368221 0.07906827646962426 0.06714779661699805
2 0.48472192785553586 0.09057153672257007 0.08184260195978611 0.06372188862633461
2 0.40452191012249694 0.12294256666394159 0.0813546392536723 0.07262924940205874
2 0.2867958552123312 0.17677683705474628 0.07560037525134708 0.06577743342073275
2 0.19454957499762815 0.27784113804278276 0.0686645558815158 0.07742552058898752
2 0.27777933970249585 0.3179242615335418 0.07976185784216487 0.06440707022446748
2 0.3745339976161602 0.29017428470138595 0.07629398484601585 0.06646261501886529
2 0.37175961003731656 0.21172103750561885 0.0790682764696242 0.067147796616998
2 0.45949765930812353 0.19116566587900466 0.0783746950970837 0.06851815981326327
2 0.5402998892090993 0.1599899031639698 0.07768111372454314 0.0664626150188654
2 0.4837729734804889 0.03323136093158803 0.0783747402524885 0.06646272186317606
2 0.5690835161695325 0.0441942283430278 0.07976185784216483 0.07468482472340296
2 0.654740815678292 0.02809244552343796 0.08322976470486758 0.056184891046875914
2 0.7581396360211463 0.05486010011913416 0.08334020152889324 0.06860921276947261
2 0.693928188626749 0.09352721182773945 0.0797619312196976 0.07194406780392637
2 0.6159002418827441 0.12401788452547954 0.07490678823438096 0.0739996125983244
2 0.7022511396973209 0.17437871672475513 0.07976185784216497 0.07605515739272228
2 0.6197149563649937 0.19938784505659624 0.07698753235200244 0.06988852300952857
2 0.5392595115058628 0.24529508844884748 0.07837469509708378 0.07399961259832438
2 0.4525618455827179 0.27510041165025223 0.0783746950970837 0.07194406780392651
2 0.16680634831813354 0.35389629543550494 0.07976185784216484 0.0650922518226001
2 0.3294511519567678 0.3888405569402693 0.08045543921470535 0.07057370460766123
2 0.424471783061548 0.35629432418465823 0.08184263582634038 0.06851815981326329
2 0.5326704828223017 0.3199797300105747 0.07768111372454321 0.06988852300952857
2 0.5014593013024864 0.3922665488800334 0.07351961984487526 0.07742568848719099
2 0.5630255180173012 0.4341563692397501 0.06370372905031381 0.08000214773738962
2 0.6062745699352068 0.2965642255729778 0.06527576379695972 0.0835252951235667
2 0.5962141511329849 0.3732716593651655 0.06935813725405576 0.08770324456097667
2 0.674002293370393 0.28710043325567985 0.06852644424288352 0.09001929365960314
2 0.731778361273171 0.32144520651933656 0.08541048235902698 0.06589961880390349
2 0.6772326687592506 0.4251631306312012 0.0782756120438637 0.07243348323116415
2 0.6341315164181194 0.4858505999987399 0.08322979695872829 0.0763487194292193
2 0.7267741953692908 0.5088531686888299 0.07431228991506046 0.08124296092144079
2 0.8169397737995642 0.4951495367261773 0.0822389341726668 0.07145465237668887
2 0.906609936963737 0.4985754447168405 0.07926644257606441 0.08417945348486633
2 0.8441875408638999 0.4197796263464717 0.08322976470486765 0.07145465237668894
2 0.881343742265686 0.350772007496048 0.07629395097946201 0.0763488066490649
2 0.8674721309418054 0.26757136306069557 0.0842205952370685 0.07830646835801527
2 0.7842423662369375 0.2313546214451135 0.07827561204386356 0.07243348323116404
2 0.7951415020911466 0.3316849584685116 0.08223893417266695 0.07536997579458969
2 0.762939485604225 0.4124383077180624 0.07728478151166286 0.07830646835801523
2 0.9512053919509732 0.227014920425839 0.07135596039485761 0.0774577131552677
2 0.786224039396535 0.15269761329812848 0.084220619427468 0.07439114494011391
2 0.8714353804994225 0.19185084747713732 0.0881839173658716 0.07439114494011449
2 0.8531050882248937 0.08907360775724232 0.08521142576926934 0.08026413006696559
2 0.9457558240238688 0.13318603403448973 0.0822550962490665 0.07843654400974287
2 0.4349746036361537 0.454666931903726 0.06737647618965482 0.07536997579458969
2 0.5368865365325338 0.510218084860806 0.06638564565745385 0.07928529921249038
2 0.24027637986829992 0.42187609827880707 0.07431228991506042 0.0646028363953625
2 0.354221915261788 0.46249757873952746 0.07034896778625722 0.06753932895878811
2 0.2774325409527604 0.46739138413252124 0.07133979831845803 0.053835696996135524
2 0.22937721176023051 0.511439186878171 0.07629395097946201 0.06753932895878811
2 0.13376212184710876 0.5163332757356629 0.08124810364046604 0.06558166724983786
2 0.09710139215567896 0.5931714978119653 0.06341315406085156 0.07439114494011456
2 0.18726695445902197 0.5882772127098211 0.07133979831845798 0.07439114494011441
2 0.27446005741962315 0.596107990375391 0.06737647618965478 0.08222179177591592
2 0.4973969513551999 0.5256320816333315 0.08322976470486765 0.07047582152221367
2 0.4300204509751497 0.5623383258959969 0.06935813725405637 0.07928529921249038
2 0.36346187468424135 0.6407932901403446 0.06341315406085136 0.07830646835801501
2 0.3147874979434545 0.6938922530431759 0.06638564565745386 0.08026413006696542
2 0.2858545520956764 0.7184618035748669 0.07827561204386367 0.0900524386117175
2 0.22145057556608921 0.6636472539192948 0.07431228991506042 0.07830646835801523
2 0.14565203985272762 0.684202767278158 0.07133979831845803 0.07634880664906475
2 0.0728260441167592 0.6626684884797039 0.0723306288506588 0.08222179177591592
2 0.04161488235243383 0.7587181943718656 0.07332145938285961 0.08515828433934161
2 0.11889962354677099 0.7768265651796565 0.06737647618965477 0.07634880664906475
2 0.1946981915139932 0.7533343630127153 0.0723306288506588 0.07439114494011449
2 0.1620007194436455 0.8566012144045004 0.07233062885065883 0.07928529921249051
2 0.08223882934762013 0.8614955213116058 0.08521142576926927 0.08515828433934161
2 0.06291773879475115 0.9456748875766269 0.07827561204386364 0.0773276375035401
2 0.14812914843709002 0.9368651809342555 0.0743122899150604 0.07928540823729784
2 0.2224413254636387 0.918267536431476 0.07233062885065877 0.09103126946619283
2 0.23779932772819337 0.8277255951726752 0.07133979831845796 0.08222179177591585
2 0.31260703290935415 0.8008077902845301 0.06836730672185556 0.07341231408563914
2 0.29972611503876656 0.8884131299550984 0.0723306288506588 0.08417945348486626
2 0.3314409343766949 0.9691668280840315 0.0862184183778697 0.0616663438319371
2 0.2482111696718272 0.974550190636511 0.07631019369051317 0.0508996187269746
2 0.37849720685645166 0.8473022558721018 0.07332145938285961 0.0841794534848664
2 0.370570602916171 0.7508874167062954 0.07133979831845792 0.0832006226303912
2 0.4528095532157681 0.7861254582971707 0.07530312044726123 0.08711594604829187
2 0.44191034479037283 0.8610058660297932 0.06737647618965475 0.06656049810431285
2 0.37899263018601737 0.9177780773943156 0.07034896778625715 0.05872985126851148
2 0.4439000707660442 0.9618255966754675 0.07135596039485755 0.0763488066490649
2 0.5053235069146897 0.9075004842520942 0.07332145938285961 0.07928529921249038
2 0.5860762597967765 0.912884053951708 0.08025727310826525 0.0783064683580153
2 0.7406458228201022 0.8477918021291079 0.08620225630147019 0.09298893117514297
2 0.7936551837216586 0.7611652715080526 0.08124803913274592 0.08222179177591568
2 0.8565729386433405 0.6574092663485673 0.09214723949467497 0.07634880664906475
2 0.7560036718788193 0.6716022701285348 0.08322976470486765 0.0832006226303912
2 0.8630133693565063 0.5800815416251818 0.08719308683367089 0.07830646835801523
2 0.7649211386051611 0.5864438113495024 0.07728478151166286 0.07536997579458969
2 0.6732693587256446 0.5706586062086494 0.07233063691412417 0.06851829064303223
2 0.5593393830175512 0.6048731483767689 0.06737647618965438 0.08907377301526881
2 0.48402068272623305 0.6386869799103321 0.0782756120438637 0.07928529921249038
2 0.43943334103105725 0.6920334141139596 0.07233062885065884 0.07047582152221367
2 0.6608839246606115 0.6460282985387414 0.0852114257692694 0.08222179177591599
2 0.5746817086764672 0.6509225182260014 0.08322976470486772 0.07439114494011441
2 0.5127547681600562 0.734612490868746 0.0703489677862573 0.08320062263039105
2 0.6004432944502232 0.7311864956582375 0.07728478151166293 0.08613711519381681
2 0.6866455588151584 0.7390171861039618 0.08719308683367089 0.08809477690276694
2 0.5216721945690728 0.823686185845834 0.07629395097946201 0.08320062263039105
2 0.5999477985494712 0.8173235454371698 0.08620225630147019 0.09201010032066775
