1 0.02745537996559569 0.02538775258547058 0.040267890616207 0.04533527247405461
1 0.12751627878290456 0.02724883692271401 0.04625590504870068 0.0495433617638736
1 0.0937619604667207 0.05821346814367617 0.04250542626096819 0.0433504415433894
1 0.046255899512745786 0.06471599220922694 0.05000638383643317 0.03901539738905045
1 0.030628899027905533 0.11333044003486084 0.041255266665057355 0.045827609631583055
1 0.0715716110314387 0.10156384192034791 0.043130506058923566 0.04706621475865881
1 0.16814644627416442 0.05728451354540587 0.04375559508347047 0.04520832062138881
1 0.21346473623922765 0.045517957596850636 0.05063146363438861 0.0464469016536315
1 0.2544074463974427 0.05294947089699402 0.04250542626096823 0.041492565477244135
1 0.30222606754889636 0.02043663672759786 0.04313050605892357 0.040873273455195716
1 0.3381681310195357 0.048924057694408635 0.05375689399457711 0.04335044154338935
1 0.2934749485322024 0.06626422828805623 0.041880346463012724 0.048304777719776766
1 0.23377984259000675 0.08886838106911533 0.03750478787732486 0.04149256547724414
1 0.20315092879955488 0.09660951026174175 0.03625462828141405 0.045827609631583076
1 0.16595868635716257 0.10466035172618299 0.04813114444256692 0.04458902558748626
1 0.1284538726453815 0.08019830781970802 0.03938002727119111 0.046446901653631495
1 0.10563846186532716 0.12200052834353872 0.03250414949368153 0.04087327345519574
1 0.1472062924185001 0.13872141293884607 0.04313050605892361 0.03963468941109888
1 0.1937746903105619 0.13903099570093372 0.04625591796592874 0.040253981433147255
1 0.25128208800466806 0.15017830329932536 0.05000638383643313 0.04273114952134096
1 0.2806608200553895 0.11952336326719912 0.0425054262609682 0.05202052985206725
1 0.3253539720949711 0.10342178575321082 0.05063145625311569 0.05449772203509383
1 0.39137702353435555 0.06910271181054049 0.04873711681252993 0.04043119725140412
1 0.3509823065519652 0.015482300551210497 0.04063018686710194 0.030964601102420993
1 0.38379893689443884 0.035609273196659436 0.048756231621795855 0.04273116156875744
1 0.45849603180029624 0.048614393612259776 0.04563082525074524 0.05140126794856004
1 0.41755326812785043 0.07617296238384032 0.040005107069146485 0.05449775516548918
1 0.4544330038869948 0.09815776441169576 0.03125398989777075 0.04273114952134097
1 0.48537444096855936 0.08948762490149784 0.036879715460643725 0.052639876087489865
1 0.37661055796963594 0.12292946637661134 0.04813114444256691 0.03901539738905047
1 0.3612961139916381 0.1619448607538077 0.0500063838364332 0.04149256547724411
1 0.31379002351257035 0.1591580496664439 0.041255266665057314 0.047066193675679935
1 0.2781605100901594 0.18640682334022152 0.0400051070691465 0.04335044154338941
1 0.20440110315801202 0.1811429194610169 0.03750478787732483 0.04149256547724411
1 0.140330410950354 0.181452562460187 0.04313049867765043 0.038396105367002054
1 0.07563465555260515 0.1573001736002987 0.03625462828141402 0.05078194580797042
1 0.045630825250745265 0.162254509776686 0.033754309089592385 0.04211185749929253
1 0.020315089742914377 0.18238148242213492 0.03687970807936945 0.04644690165363155
1 0.05969509025699018 0.20405670018197541 0.04938128373997644 0.037776813344953586
1 0.12403553809130875 0.1642699474747775 0.029378750503904462 0.04830477771977679
1 0.10626356565242048 0.21055926791941088 0.046255916120610426 0.044589034623048744
1 0.17064674978078054 0.17990429325096247 0.036254628281414084 0.04396973356543782
1 0.14845643171590953 0.22232582085611197 0.04063018686710192 0.043350459614514295
1 0.18908663150023966 0.22449334594513573 0.036879708079369494 0.04273114952134097
1 0.03043302717223827 0.24440777784438553 0.04979949900911717 0.04659737072920997
1 0.07608254887313298 0.24395088755389976 0.04518843428605077 0.05299308828027794
1 0.12080987940937177 0.25674234487376596 0.04426622134143747 0.0493383925368105
1 0.1636927758889 0.26679278482957763 0.04518843428605079 0.042029001049875635
1 0.22916990584642163 0.29328933341326263 0.037810736174133996 0.0493383925368105
1 0.26467510693652757 0.26039705839141747 0.047955073119890626 0.05664778402374544
1 0.23746980601297316 0.21973859046307237 0.0433440083968242 0.048424718600943634
1 0.3250800629761816 0.2083176396034604 0.041499582507597665 0.05116574040854424
1 0.3624296409506098 0.23435738010226118 0.03873294367375785 0.04111533155755494
1 0.4205291027436562 0.16994335207123626 0.04795507311989056 0.038374305306408216
1 0.4315956580790155 0.1283711879892941 0.046110647230664055 0.04659737072920997
1 0.5247391654849569 0.07857595848455011 0.04057736956298442 0.05482043615201171
1 0.5851440861321803 0.02969438514148889 0.039655156618371094 0.05573411008787857
1 0.6271047696670949 0.06167298622746713 0.04795507311989056 0.0429426749857425
1 0.6589211462036946 0.14481737660099595 0.04334400839682409 0.04842471860094367
1 0.5007616289250116 0.16080661271256766 0.04611064723066413 0.06030247976721288
1 0.4601842593620271 0.21014497414455596 0.046110647230664055 0.05116574040854424
1 0.4177624639098164 0.23253001667811632 0.044266221341437484 0.052079414344411074
1 0.3467520317821629 0.27684319368056715 0.044266221341437414 0.051165740408544276
1 0.5118281951503495 0.21836806178508789 0.04242179545221099 0.04568369679334307
1 0.5510222398514248 0.18045061122079725 0.04518843428605074 0.0557341100878786
1 0.46663974997432023 0.2663359523051902 0.044266221341437484 0.048424718600943745
1 0.26974728085439537 0.3471960822987694 0.04518843428605074 0.042029001049875635
1 0.44312331988668147 0.34719609562940745 0.04887728606450388 0.0456836967933431
1 0.4020848438513904 0.3344046605272714 0.04242179545221099 0.04202900104987567
1 0.37165182756913073 0.3193289961500078 0.0516439521232906 0.046597388503393865
1 0.3356855036717505 0.3750631417862546 0.051643924898343754 0.04842475414931197
1 0.14294300641505855 0.3088217903229992 0.042421795452210934 0.0456836967933431
1 0.18628697941945205 0.30288280753830604 0.04242179545221091 0.0484247186009437
1 0.09176018798902146 0.2974008572375715 0.05441056373218357 0.04842471860094367
1 0.024438628058531243 0.28643674778943856 0.048877256117062486 0.04294267498574248
1 0.022594217143025383 0.32937943166227357 0.04518843428605077 0.04111532711400887
1 0.0677826296491188 0.3275520971211779 0.04149958250759764 0.048424718600943634
1 0.029971926144920974 0.3732357716967907 0.04703286017527732 0.03746063137054129
1 0.11204885371305094 0.34125718838499675 0.047032860175277344 0.04659737072920997
1 0.16092613705506018 0.3526780725914182 0.048877286064503894 0.04751104466507677
1 0.2084200955351601 0.33668872539119576 0.044266221341437484 0.04111532711400876
1 0.2845026934131972 0.4088690863004206 0.043344008396824237 0.048424718600943634
1 0.0899157620997949 0.3718652918978128 0.04703286017527733 0.03106491381947329
1 0.0829991731826793 0.4129806101247294 0.04611064723066404 0.040201653178141894
1 0.023055323615332024 0.4102395972042208 0.04611064723066405 0.03837430530640823
1 0.01752203505767366 0.45272540856075383 0.03504407011534732 0.04294267498574249
1 0.05579393079276027 0.4741968771382328 0.04887740313177485 0.05116594925520786
1 0.06645005630209484 0.5822013988124105 0.0528397925300951 0.05076415533755501
1 0.07125367380483077 0.5187461737797772 0.03682773418764203 0.04441863592036057
1 0.10648018797731286 0.4878118051968165 0.05283979253009509 0.036486736648867577
1 0.17853445051835165 0.4790867352861049 0.04643496919311389 0.0475913416227515
1 0.12571573515061382 0.3968560600937512 0.04108356923459688 0.05128605670248775
1 0.27772505920685625 0.44977019470910923 0.04930030636808102 0.04314537614404117
1 0.3644113414870973 0.411509230463329 0.0468352910496769 0.04802977814454361
1 0.36523308845609703 0.45668969657513914 0.051765321686485066 0.04884382204985805
1 0.4264476500839005 0.39522792675343443 0.04437027573127288 0.046401630947365075
1 0.4753371108628457 0.43104673750820377 0.04190526041286887 0.04965788575068899
1 0.4235717988790959 0.44285065325204603 0.05012197814088225 0.04884382204985812
1 0.4724612475296218 0.4847749180084274 0.0509436499136838 0.048029758349027035
1 0.3623572396769761 0.524664074981075 0.050943649913683726 0.05454226795567486
1 0.3130569454373143 0.5551914439667195 0.04437027573127288 0.05372820425484384
1 0.4478111161767357 0.5991508838115917 0.04437027573127295 0.0537282042548437
1 0.08504301150515292 0.7151549651391078 0.040261916867266156 0.05454226795567507
1 0.15200927796824973 0.7562651661946583 0.04272693218567021 0.04721569464819609
1 0.29539100232208526 0.6683462983822238 0.04519194750407419 0.050471949451519865
1 0.3857748876274985 0.6353767184985698 0.0419052604128688 0.0577985227589987
1 0.40837086623090324 0.6915470940603899 0.03944024509446478 0.05128601315235116
1 0.4510977862881543 0.6911400661690779 0.04108358864006746 0.05210007685318175
1 0.28676344870767106 0.7127127700775117 0.049300306368081054 0.04477350354570319
1 0.2867634487076711 0.7737675476398341 0.04601361927687567 0.04477350354570319
1 0.25348574190921647 0.7859784754385754 0.038618573321663484 0.046401630947365075
1 0.054641172891289766 0.8222043378392766 0.04847863459527964 0.05210007685318189
1 0.021792911542221752 0.9576708813170177 0.04077383449835037 0.04596820230321711
1 0.13708444357204005 0.8357854964221245 0.035149857326164116 0.05571903309480831
1 0.17812470504684544 0.874495905087632 0.05123223974506727 0.04314418708160986
1 0.1470651597013984 0.9135160123772249 0.03906458280561381 0.04758550045765787
1 0.23127816512567917 0.860220267293081 0.05123223974506729 0.046316553778787156
1 0.24504684090049245 0.9112953587748877 0.04674941876737392 0.048219973797093585
1 0.2949982633086066 0.9306467925419818 0.04418780678012059 0.05266128717314146
1 0.30460429691748026 0.8605374885343656 0.042907000786493794 0.05456470719144775
1 0.3206143340267256 0.807558967777193 0.04546861277374724 0.050123393815399736
1 0.3788910322592241 0.8126347575783628 0.05187261816467336 0.051392340494270744
1 0.4339657230698735 0.7897937297014341 0.04803022476100053 0.043778660421045286
1 0.35487592649566435 0.8713235414761413 0.04226659778968049 0.052026813833706026
1 0.3981031382333369 0.8795716887174287 0.04162619479286718 0.04948892047596431
1 0.4403697379135718 0.8833785287540415 0.04162619479286718 0.04948892047596416
1 0.3816801955535234 0.9336975190577186 0.051232258650611325 0.05012335987284637
1 0.3800831000855224 0.9803313125919108 0.04419566107705557 0.039337374816177974
1 0.45949307358093094 0.9777934331197595 0.05188048947659801 0.044413133760481005
1 0.5171254199267729 0.9486076595057292 0.055715060722760584 0.05329576051257689
1 0.7065638841046425 0.022925880489904783 0.04099110701212339 0.044541710666100714
1 0.7561499006515662 0.043559163373905016 0.04760257588504658 0.04650678613666399
1 0.8328429395774745 0.02325339306833199 0.04892486965963116 0.041266584881828605
1 0.7911906544493691 0.0913760348662961 0.037024225688369515 0.04519673582295514
1 0.7419352289122295 0.14541560393550992 0.044296841448585124 0.05240201254835377
1 0.6953243440812246 0.16735891483375287 0.04231340078670797 0.05043693707779054
1 0.5601198407622227 0.050109392642983065 0.044296841448585055 0.0556771383326259
1 0.6007803801860792 0.1856996001118485 0.0489248696596313 0.05567713833262591
1 0.6510275455720883 0.19683504370656388 0.04628028211046207 0.049126886764081695
1 0.5244179108002307 0.2626650687847951 0.04826372277233901 0.041921610038683
1 0.558797515758948 0.22794871954332074 0.04694142899775421 0.041921610038683034
1 0.6110281588909031 0.23842915709500972 0.04032996012483103 0.04454171066610073
1 0.5832599720584881 0.265940153155773 0.04958601654692352 0.04585176097980952
1 0.6520192659030266 0.24661697155569 0.04032996012483117 0.04650678613666401
1 0.6943326393646313 0.2217259709962896 0.049586016546923586 0.047816836450372865
1 0.7541664424235514 0.1863546061548748 0.05024716343421574 0.04126658488182862
1 0.7941658466708742 0.16539385210574165 0.049586016546923586 0.04257663519553745
1 0.817305895991829 0.12117964127551603 0.05090831032150831 0.03537135847013877
1 0.8387932420451741 0.1748917168801308 0.042313400786708116 0.04585176097980956
1 0.8728423047889354 0.1673589530614092 0.028429316153569743 0.04257663519553745
1 0.8391238350067516 0.21222815082083288 0.04694142899775429 0.030131157215303402
1 0.7792900417067972 0.21353822980528392 0.0568586323071392 0.044541710666100694
1 0.8080499313040127 0.23351645886168754 0.044296841448584985 0.03995653456811972
1 0.7402823499832405 0.2564423552797825 0.04760257588504672 0.04388668550924628
1 0.5606525604238825 0.3278400910056384 0.04760257588504658 0.05567713833262591
1 0.5947016348784021 0.38810237995114105 0.044296841448585055 0.04257663519553745
1 0.6194946548626228 0.4205260806165026 0.03570193191378493 0.03144120752901223
1 0.6396595978409692 0.3877749087860082 0.04561913522316971 0.04847186160722721
1 0.6085857097525753 0.3415956288564953 0.042974547674000406 0.051746987391499355
1 0.6218085987035937 0.2918136723366268 0.044296841448585055 0.05043693707779042
1 0.6674277749144187 0.30393167278045197 0.04561913522316971 0.049781911920936076
1 0.6456099120194273 0.33930300895112453 0.044296841448584985 0.04716181129351838
1 0.6879233108543426 0.34683577914112235 0.045619135223169564 0.04519673582295518
1 0.6945347855826458 0.26757776223966107 0.04958604387202611 0.05174700969096588
1 0.7123857398287786 0.3098268386650193 0.045619135223169564 0.04585176097980963
1 0.7623023337229347 0.2911586216946683 0.05553633853255434 0.042576635195537484
1 0.8477582765448578 0.2541380806377211 0.05553633853255456 0.0425766351955377
1 0.8032934680601618 0.2832983803395377 0.04231340078670797 0.04126658488182862
1 0.8618049412363259 0.30786178867956054 0.04032996207662354 0.04192162278123508
1 0.8208138449590632 0.31473953052706544 0.04561913522316971 0.03340628299957551
1 0.7880870672068181 0.336355408487832 0.04760259345118427 0.03733643394070213
1 0.7418068075419765 0.32947765389777445 0.050247163434215876 0.03930150941126534
1 0.6826339766848661 0.4093908839087353 0.036363045620594926 0.0484719093917972
1 0.7199889602613301 0.3835172293382642 0.044957988335877413 0.05174698739149932
1 0.7801533250531375 0.393997615919745 0.03437963813920035 0.03733643394070199
1 0.8105660330737582 0.360591254872038 0.04099110701212361 0.0478168651211146
1 0.8508960107647254 0.3550236159012688 0.044957988335877275 0.0445417106661008
1 0.5880901562465138 0.49978419467992447 0.045619135223169634 0.04323166035239183
1 0.6512296625132052 0.5027318142570453 0.051569457208800316 0.04519673582295525
1 0.6171806475883757 0.5970554336584448 0.045619148885721265 0.04912688676408179
1 0.7461042623093764 0.5400682418264712 0.052230604096092745 0.04388668550924621
1 0.7285838697961302 0.4935614556898072 0.043635694561292696 0.03864648425441082
1 0.7140386265649405 0.44705461858293477 0.046280282110461854 0.04257663519553745
1 0.7573437379236218 0.46113767538349504 0.049586016546923586 0.05240201254835377
1 0.7996449709517275 0.4372265216406424 0.03900766635024666 0.049781911920936374
1 0.7804839004485769 0.43493670415133645 0.036363078801077225 0.039301509411265416
1 0.7702361022258221 0.5082995026052036 0.046280282110462 0.04716181129351846
1 0.8353590920938389 0.5138672355522944 0.04165225389941583 0.04388668550924628
1 0.8072603103480533 0.5361380876997067 0.04892486965963116 0.04650678613666393
1 0.7791615871560629 0.5718369714908252 0.041652253899415737 0.04192156543975162
1 0.7146997851629915 0.5977104556296604 0.04760257588504658 0.047816836450372976
1 0.568255749627744 0.6861388518050074 0.04826372277233894 0.04912688676408166
1 0.6194946255857261 0.6769684868664936 0.0489248696596313 0.04519673582295511
1 0.7100717569519455 0.6527325688054318 0.04231340078670797 0.05174698739149946
1 0.7537074163809624 0.6127760533511403 0.044957988335877275 0.04388668550924635
1 0.8168469558281367 0.5918152164754185 0.045619135223169564 0.04650678613666386
1 0.7553603187314689 0.6609203832661121 0.03900766635024652 0.04585176097980956
1 0.6928819378823452 0.6939991536872604 0.03834651946295423 0.05043693707779056
1 0.5623054276421132 0.7450911031793536 0.050908310321508166 0.04257663519553759
1 0.6023047518659187 0.7218377196679353 0.0489248696596313 0.039301509411265416
1 0.6545354047568399 0.7116847564670175 0.04892486965963129 0.046506830735595986
1 0.5999908168080175 0.7631042599508318 0.04958598336644169 0.03930150941126532
1 0.6340439212215171 0.8005145595683766 0.0423215016923249 0.042069309535988565
1 0.6680888983801938 0.7529513732052263 0.042974547674000406 0.04257663519553745
1 0.6803201470237912 0.8037158674603763 0.042313400786708116 0.04585176097980948
1 0.5894124500210981 0.8564453925871572 0.04826372277233894 0.04781683645037291
1 0.5877595828028673 0.9117950183413558 0.042313400786708186 0.04323166035239168
1 0.5751977919443132 0.9628869805760008 0.051569457208800455 0.04847186160722728
1 0.6247837753107538 0.9370134900658894 0.044957988335877205 0.04781683645037291
1 0.6363538653563006 0.8688908673817534 0.04561913522316971 0.04912688676408166
1 0.6887880988173377 0.8515326784256445 0.04602638614588763 0.044541710666100666
1 0.6958570988751606 0.9284981598411436 0.05355289787067747 0.04781683645037276
1 0.7421373809856227 0.9180177477745588 0.04561913522316985 0.05043693707779056
1 0.7904010998543753 0.9052447827010021 0.045619135223169564 0.05371206286206274
1 0.842301161735512 0.9081923704217425 0.03437963813920035 0.04519673582295511
1 0.7490794115914334 0.8141962699700468 0.052891750983385034 0.05240201254835384
1 0.7229641212541454 0.777187348607772 0.04826372277233901 0.04257663519553745
1 0.7189971774730136 0.7300255500568079 0.0442968414485823 0.05174698739149944
1 0.7533768390337298 0.7509863104772151 0.0403299601248311 0.04519673582295511
1 0.8277559028899774 0.7549164932747218 0.043635694561292834 0.03864648425441089
1 0.7956902632419554 0.7821000309129041 0.04826372277233887 0.04716181129351824
1 0.12590665078658256 0.4608344373802997 0.023139352061623417 0.05554378046478625
1 0.14425277925495564 0.447589449394853 0.02565449902484336 0.05083391473441204
1 0.9631182729128832 0.23570335659906633 0.05710719032843897 0.056578420047620204
1 0.7453492229345112 0.4131932755203762 0.046238009045382 0.04498447610079154
1 0.8964341835464512 0.3714314540432329 0.04665456768543038 0.047047984178809586
1 0.8737317462719624 0.4027967607720987 0.05123671272596368 0.05034959710363829
1 0.8414484350667655 0.4339557528214283 0.03915651339429393 0.04250826640717001
1 0.9062232777698443 0.42425724980129964 0.04373867073218981 0.047048010271445805
1 0.7620940331984406 0.3693679319153337 0.05040359544586678 0.03879395186673761
1 0.8060409684938196 0.4733687209833059 0.03915651216455771 0.037143145404323265
1 0.8426981202099327 0.476464001164466 0.03582404304416983 0.035905040557512466
1 0.8783138740961882 0.45232096668728533 0.04457177448518806 0.040444758329152036
1 0.8624846015038412 0.494829237108707 0.03624060168421821 0.031365322785872965
1 0.9076812705169686 0.48636881284275296 0.04582145040533328 0.04828614723227107
1 0.8812297845765279 0.5222738182755616 0.0479042436055758 0.044159072869584294
1 0.8506127251478323 0.5604487819469226 0.04248896529837451 0.05034959710363825
1 0.861859812733218 0.6025443306814819 0.04498833312523644 0.036317742173116015
1 0.8918520360464451 0.5674647053979319 0.044988333125236576 0.042920968022773565
1 0.7983346336529226 0.6691956697012249 0.04457177448518777 0.04663528256320603
1 0.8445726426983046 0.6838465770551523 0.04457177448518792 0.04622258094760227
1 0.8110396721744015 0.7145928393891166 0.05165327136601219 0.03920665348234124
1 0.84788981238871 0.7337196984231312 0.035824043044169585 0.041682863175962835
1 0.8801622958140223 0.7545187398300368 0.029932963593344176 0.05313898202711465
1 0.8770642117031415 0.768037690581278 0.052069830006060726 0.030539919554665857
1 0.7766735062821506 0.8495462546451727 0.04957049169286797 0.0400320667491778
1 0.8410318942578923 0.8291175457476168 0.049153919525721367 0.04127016156035921
1 0.8164549062110983 0.8654352879207329 0.044988333125236576 0.03549233894190891
1 0.8576942005082722 0.8677051247281677 0.05331950592620615 0.04085745994475559
1 0.9041405146981393 0.8807052497051917 0.043738657205090875 0.04622258094760241
1 0.9043487866397462 0.8311810457971314 0.05082015408591516 0.04704798417880952
1 0.8649840160606803 0.8031173439645906 0.05123671272596368 0.03796854863553037
1 0.9193474570663479 0.7965606595318075 0.038328498897338366 0.03723620415256207
1 0.8335338424262281 0.638862090918731 0.04832080224562432 0.040444758329152106
1 0.8826877582627409 0.6811640165537288 0.03332469120387884 0.0507622987192417
1 0.939835149981678 0.5141871614383643 0.0451438290015615 0.04556971418082163
1 0.9403544443743772 0.5814357852910592 0.05706861402084187 0.05316466654429171
1 0.9137366219278961 0.6987355907624265 0.039607321671181236 0.028692042261998695
1 0.938224980759995 0.7132926053651201 0.051106221511201824 0.040084470807204155
1 0.9324755295827154 0.7508453822911477 0.05238387704898173 0.038396703615322
1 0.8841376082556721 0.9221517074934631 0.05195799186972181 0.037552820019380706
1 0.8822211394075997 0.9694092299074569 0.04386615209020221 0.045147772382851004
1 0.9320497148105428 0.6719423132681334 0.04131086238822149 0.03586505282749854
1 0.31323962714107245 0.31986365906939673 0.0503532422036632 0.03692934393941091
0 0.3063732643484091 0.2780751846256234 0.03792841620535668 0.051830658160576776
0 0.8232999904778328 0.07710068060852569 0.037232126358729405 0.04777218641626296
0 0.7602067767179935 0.7041861515854475 0.05188083181134459 0.042934496652590755
0 0.7309093310424685 0.8656441120870946 0.044556479085036925 0.05260987617993521
