1 0.38451253584387635 0.1490458554355143 0.04723146109578323 0.045765117436630955
1 0.45475418878460405 0.0896748742279973 0.039965082465662716 0.0531864878317603
1 0.4178167748071472 0.11317589551797554 0.03633190745147674 0.048238937645811025
1 0.4995635308207842 0.0630816483585994 0.042387208675702864 0.047002012502485827
1 0.6182477151127523 0.024737901317097806 0.044809334885742944 0.04700201250248583
1 0.6642681095282967 0.023501006251242927 0.042387208675702934 0.04700201250248584
1 0.7429872113546022 0.02535634885002526 0.042387208675702795 0.05071269770005051
1 0.7024165723098994 0.04019907760929577 0.04117614557068279 0.05071269770005051
1 0.7908242075781142 0.025356348850025256 0.036331893150602354 0.04823890756834073
1 0.6018983631949812 0.08101662681349532 0.048442524200803305 0.048238907568340726
1 0.6594238571082173 0.06555540239734467 0.05449787547808874 0.044528222370776055
1 0.7429872006289466 0.08967489227447956 0.03996508246566279 0.04823890756834071
1 0.7817412128391521 0.06802924065300714 0.044809334885742944 0.034633061843936934
1 0.2827832332345804 0.20223233725178102 0.04238720510048382 0.0507126856690614
1 0.2733662266916604 0.2559818205689067 0.04117614557068279 0.04081753717321142
1 0.44869885538341087 0.14100601344548117 0.035120830045582425 0.04452822237077605
1 0.5449783972590373 0.10328073799888335 0.043598271780723084 0.04329132730492116
1 0.498496007191405 0.11090932852337061 0.046579350193080134 0.03900976746157731
1 0.5888599630669893 0.11994817708154099 0.04098982816991061 0.041864140690473235
1 0.6307813617397524 0.10805495529447473 0.0409898281699104 0.046621429405299696
1 0.7029793545390268 0.13041419837224985 0.0363318931506025 0.04757288714826501
1 0.7425717829519681 0.13850160769666744 0.03726348015446419 0.0447185139193691
1 0.6633868738728914 0.13707442108221948 0.042853013178306115 0.0418641499450795
1 0.6149443661730964 0.14991904045731025 0.0465793501930802 0.0333010210037855
1 0.5427463761239906 0.1437345928918546 0.04378458918149519 0.038058309718612016
1 0.49476966880154705 0.1484918792930296 0.052168885967090455 0.047572901030174426
1 0.40114515428719505 0.18084148188592658 0.045647768689554793 0.04376703766719138
1 0.43561388443074683 0.20605510281990064 0.04192141517377209 0.040912682947507904
1 0.4752063540962101 0.18892884493731268 0.0335371321390177 0.04471851391936909
1 0.5460069443883467 0.19891915586575146 0.03726348015446412 0.0513787181201262
1 0.5725571354960488 0.17037543283139875 0.03633189315060264 0.049475802634195584
1 0.6340419080027639 0.18750164906825845 0.03633189315060257 0.04376705617640383
1 0.6764291249289711 0.18131720150280287 0.035400306146740945 0.044718513919369124
1 0.7141583683335164 0.16942391956079572 0.04564776318921858 0.038058309718612016
1 0.784027421124818 0.1094821095178007 0.04192141517377209 0.04376705617640381
1 0.830140969565463 0.09758892474915956 0.0409898281699104 0.04281559843343851
1 0.8240856402895217 0.04763735159775303 0.038195067158325456 0.04376705617640382
1 0.8697334172295811 0.06904520171480685 0.036331893150602354 0.04662142940529972
1 0.8771918315393148 0.1157738877978641 0.04379600373783234 0.03922430858091128
1 0.849704307647229 0.14230742478661923 0.040989828169910536 0.0428155984334385
1 0.8026591557017142 0.1446860228710011 0.04564776318921858 0.038058309718612036
1 0.7672588275536278 0.17322972739614126 0.04005824116604899 0.04376705617640383
1 0.7393112394391247 0.20462789306893694 0.04192141517377209 0.03615539423268139
1 0.6206884007861404 0.20219772279487838 0.0503056982085263 0.03900976746157748
1 0.507346058976577 0.20938520029297605 0.04005824116604892 0.041864140690473235
1 0.3690054136546423 0.2569580920685442 0.04285300217763364 0.03805830971861198
1 0.41185840758177156 0.2840746192338427 0.040989828169910536 0.03900976746157724
1 0.4286269571502717 0.24744350538428483 0.040989828169910536 0.03805830971861205
1 0.4761378750960364 0.23888038107029408 0.05030569820852655 0.03996122520454261
1 0.4495320687271009 0.3341361982705379 0.041342618514568275 0.05010635451119036
1 0.4101187626459686 0.3451145431529683 0.045201262909261145 0.04841737626924008
1 0.35334159096240475 0.2902227338612905 0.0385864439469303 0.03884649956485546
1 0.31916500679587406 0.2634806030061878 0.04850867239042664 0.0416614633014392
1 0.28774462323407585 0.2952896740632395 0.04189385342809576 0.04335044154338945
1 0.2610097348099437 0.327943276681029 0.03583027588856613 0.043350444281438645
1 0.23455044919670962 0.36228581920808006 0.040240148687513015 0.039972485059489034
1 0.31971623194549104 0.31893537492664126 0.02976668533048908 0.050106354511190394
1 0.291878855793801 0.3484925105890656 0.04134261851456806 0.04841737626924008
1 0.3429637501122662 0.32919680035868915 0.020717706399353726 0.04053547780680579
1 0.38245097985767856 0.3190910877998181 0.029766685330489193 0.04616540527997324
1 0.2695538727149843 0.37692363611441365 0.027561745676378743 0.04672839802728994
1 0.2298649589409989 0.40197682158415643 0.04189385342809576 0.03715752132290518
1 0.3230236153895617 0.3710122095295387 0.04189385342809576 0.04503941978533966
1 0.37291040598285724 0.37185670960271056 0.046854967649843926 0.041098470554122454
1 0.4641397857989894 0.3822720535236766 0.04079138360104054 0.049543361763873646
1 0.5316660529422069 0.38930950393587394 0.040240148687513015 0.04672839802728987
1 0.21470599881899055 0.4405418247753535 0.04465002799573359 0.03884649956485546
1 0.2585291207429249 0.4211185339221879 0.03968891377398542 0.03828350681753868
1 0.2995961624836897 0.4171776202856101 0.03583026937929233 0.04166146330143917
1 0.3431437173977314 0.4073252211960998 0.044650034505007236 0.03772053871266474
1 0.3897230757274031 0.4236520601531708 0.04299632325515077 0.05123238107656169
1 0.3219211976366961 0.44251230486706056 0.03748397411987511 0.03715752132290518
1 0.28774462974334947 0.4554610887704601 0.04189385342809565 0.03603153582827176
1 0.24409789510311938 0.47116468751883933 0.02921545041696151 0.04335044154338961
1 0.17722200842593125 0.4655950157211947 0.03803520903340271 0.04391343429070609
1 0.20864241477018722 0.51035292544263 0.043547558168678474 0.03997248505948889
1 0.22076958286779388 0.47769933788411106 0.04354755816867843 0.03321657209168791
1 0.3034548361701145 0.49402612481824754 0.0435475581686784 0.03546854308095497
1 0.14607724394821536 0.4937446448728842 0.04079138360104057 0.04053547780680567
1 0.15131399027259312 0.5263981667182225 0.04795743747689908 0.03603153582827183
1 0.11272753330711545 0.5427250193655396 0.040240148687512994 0.042787448796072665
1 0.19348343674767635 0.5534218541840658 0.03858644394693027 0.04841737626924001
1 0.23455037271274368 0.5382210308401693 0.04575249782278874 0.04841737626924015
1 0.28112979532149374 0.5328726490255454 0.049611160117984256 0.04222447247705077
1 0.32054306804259824 0.55454783694065 0.04134261851456813 0.03828350681753861
1 0.1628899169473985 0.5948018375401418 0.04354755816867843 0.039972485059489034
1 0.0912293781888137 0.5742525885728347 0.04244508834162331 0.045039419785339804
1 0.04465002799573361 0.6111285943557371 0.04409879308220603 0.04898036901655686
1 0.09012690836175857 0.6201365111693954 0.04575249782278876 0.04335044154338938
1 0.14100007953038302 0.6243270760194841 0.03913767886045787 0.046165405279973155
1 0.027561761949563 0.6620794626303453 0.04189385342809573 0.04503941978533959
1 0.06146266356659304 0.6778432622932635 0.03362532972518209 0.046165405279973155
1 0.09591485705329544 0.6798137396469213 0.04079138360104057 0.04672839802728987
1 0.16592165689761063 0.6435006773264501 0.05291855169864723 0.04278744879607281
1 0.13395006283206132 0.6767172795366789 0.04409879308220603 0.04166146330143903
1 0.17446582409438277 0.6840361277527637 0.04465002799573359 0.038283506817538754
1 0.1957526417393934 0.6715035379901165 0.02590804093579606 0.04391343429070615
1 0.05744119286060807 0.6706141842636799 0.026459275849323574 0.04785438352192368
1 0.08048029737502599 0.7234456803020183 0.04520126290926118 0.0405354778068056
1 0.12788648691985008 0.7138747214561579 0.040791383601040544 0.050669407495588986
1 0.1962396186382472 0.7102152439561561 0.04299633139174293 0.0534843767082715
1 0.21828892160854077 0.7417429062571239 0.04299632325515084 0.041098470554122454
1 0.16840225469144535 0.7363945134903034 0.04024014868751298 0.04729139077460673
1 0.09288310733917285 0.7676406137044317 0.03362531019736096 0.04109847055412231
1 0.1281620799668375 0.7591956896380903 0.040240148687512994 0.038846499564855606
1 0.17033158828002076 0.7921307954746613 0.037483974119875134 0.04391343429070602
1 0.3103452514340697 0.7062743905566607 0.04850869191824735 0.04222443962046054
1 0.3933061091746066 0.7141563109234889 0.04354755816867843 0.046728398027290015
1 0.10197845900260143 0.8281623313029328 0.04189385342809573 0.039409492312172036
1 0.1364306085517064 0.83238477143171 0.04134261851456813 0.04447642703802287
1 0.16371675955377937 0.8695422366246071 0.04189385993736933 0.04785440816436599
1 0.12347662063017686 0.8830541378565617 0.04409879308220601 0.051232340005823856
1 0.2207695812404755 0.8478670884112158 0.04465002799573359 0.052921318247774136
1 0.2632146712094172 0.8062056141575797 0.040240148687513015 0.04729139077460658
1 0.3354264318629822 0.7521583022010246 0.04354755816867843 0.04503941978533959
1 0.27125409630839636 0.8859813950541234 0.040240148687513 0.05123234000582398
1 0.12485470303204049 0.9296258764668663 0.04685496764984388 0.04278742689167971
1 0.16110979010672966 0.959268280651626 0.024254336195213343 0.05149813300931978
1 0.1959640036224609 0.9712873561966003 0.03913767886045781 0.05292135658046294
1 0.2882958337378271 0.9825472248331809 0.05181608187159206 0.03490555033363819
1 0.2778223947905796 0.8460214261098371 0.04189385342809576 0.04672839802728987
1 0.3045572913513037 0.8111159592866994 0.03913767886045778 0.04447644620436706
1 0.33803562162373446 0.8246395281440858 0.04887035433243088 0.04214617009254067
1 0.38062770779079075 0.7612910751377 0.04134261851456813 0.04841737626924015
1 0.3213920935661443 0.8684142771932157 0.03913767886045783 0.04503941978533981
1 0.306210994464568 0.9301888993327236 0.03803520903340271 0.05066934725850714
1 0.3613344858173255 0.8874014505366509 0.040240148687513015 0.04166146330143917
1 0.33735573778714445 0.8420805179493578 0.03968891377398542 0.04447642703802302
1 0.3789739753857948 0.8471474526752084 0.052367316785119654 0.03772051407022204
1 0.4277582928973984 0.8654447333912978 0.031971624984599316 0.04954336176387358
1 0.4354789311100452 0.9136826858995779 0.026466030024671027 0.05031057640196451
1 0.4040551916157127 0.8975353199883525 0.04409879308220596 0.04954336176387358
1 0.3478292255539448 0.9194920261815088 0.0440987930822061 0.03490555033363833
1 0.38669126905713613 0.938352290061743 0.04465002799573353 0.04109848972046712
1 0.35113663991706545 0.9642499605453868 0.03968891377398549 0.052358325500457284
1 0.4087439873570865 0.9747674866010192 0.043554312344025806 0.04299167068684682
1 0.3737371900057748 0.8107095698263599 0.04961114221748176 0.03940953064486138
1 0.41811166563748153 0.7786189887054039 0.04024014868751294 0.045039419785339735
1 0.42224594376212266 0.8239398856980573 0.04189385342809573 0.041098470554122454
1 0.45857660578797754 0.7638446264784616 0.038795522788775114 0.03482023919059458
1 0.4600461210192702 0.8004658950053816 0.04526144325357087 0.03482023919059443
1 0.45681314169861925 0.8448917086617876 0.037619900886084995 0.045626520318709965
1 0.4935513452459395 0.7710488109774787 0.03232960232397922 0.044425822415585826
1 0.5249992380840842 0.7443332592751571 0.04467363230222574 0.04862826507651974
1 0.5655581781092329 0.7440330847993762 0.04232238849684542 0.04682721822183396
1 0.6419736226076417 0.7434327621253546 0.042322388496845706 0.04682721822183396
1 0.5370493677925454 0.7923612016776553 0.040558955642810375 0.04142407765777605
1 0.5311712513379117 0.8310837090534028 0.04643706515626107 0.03842233289996628
1 0.4985477504794429 0.8514955734065097 0.03997114469146517 0.026415353868726895
1 0.48208904210648496 0.8812127968734735 0.04349801039953583 0.03782198394840421
1 0.5129490910226656 0.8863157892392906 0.027627114713218645 0.043225124512462125
1 0.5417518328444615 0.8662040876830577 0.040558955642810306 0.03662128604528021
1 0.5826047165217889 0.8514955734065097 0.041146766594155365 0.032418843384346446
1 0.5843681389640497 0.8184763810706014 0.04584925420491594 0.036020937093718286
1 0.585543753925557 0.7821552169460211 0.04114676659415551 0.03662128604528036
1 0.6237514692335785 0.7851569938208246 0.038795522788775114 0.03902268185152806
1 0.6410918975041455 0.8217782419096578 0.04408582135088075 0.0438254734640239
1 0.6234575706990887 0.8644030700256387 0.04291019944819048 0.039022681851528206
1 0.467393756175788 0.940047032082994 0.04467363230222588 0.040223379754652344
1 0.5344041803349865 0.9139318556097752 0.038795522788775044 0.032418843384346585
1 0.537343266327035 0.9442494543058411 0.041146766594155365 0.030617796529660523
1 0.5743753632029578 0.9133315037384863 0.03526865708070474 0.043225124512462125
1 0.6437370554616768 0.9085287238048972 0.0352686570807046 0.04682721822183396
1 0.6575506006712161 0.8632023779619682 0.03115398042128902 0.03181849443278452
1 0.6851777275315046 0.7581412851610827 0.040558955642810444 0.04622686927027203
1 0.7230915234814879 0.753038316153079 0.03409303517801447 0.04682721822183396
1 0.5801694089775911 0.9717835992765873 0.03997114469146524 0.03842233289996628
1 0.6324845801767117 0.9495706793096141 0.045849254204916076 0.04202442660933812
1 0.6892083404521029 0.9177521936360097 0.03350522422666941 0.04802791612495781
1 0.6789216488035641 0.9582757478664429 0.03997114469146524 0.02941709862653653
1 0.7377027439380717 0.9591762712937859 0.04232238849684535 0.04322512451246212
1 0.7244769975328075 0.8865340481547871 0.040558955642810444 0.049228614028081666
1 0.6739252227465119 0.8403071467675213 0.03938333374012018 0.03361954128747044
1 0.7250648084841527 0.8168935697735981 0.0452614432535708 0.03482023919059443
1 0.7288855796678956 0.8514136344884116 0.038795522788775114 0.027015702820288822
1 0.7576882867837772 0.7838743920363231 0.04467363230222588 0.040823728706214125
1 0.8029497630079669 0.7610611055994281 0.0434980103995359 0.04442582241558611
1 0.8147059785642768 0.8120907781611024 0.0352686570807046 0.05163000983432966
1 0.7785556067918502 0.8252984317376523 0.03820771183743019 0.043225124512461834
1 0.7947204062185443 0.8694240884366375 0.04232238849684549 0.042624775560900045
1 0.7723835900674311 0.9099476572657039 0.038795522788775114 0.05283070773745365
1 0.8114766108226513 0.9115573721519482 0.03939053607462228 0.04524394397362755
1 0.8455660257451618 0.8413890497746521 0.03938333374012018 0.0402233797546522
1 0.8479172851682037 0.786457126546185 0.03232960232397929 0.0516300098343298
1 0.8373367001910623 0.7405304317516941 0.041734577545500286 0.0438254734640239
1 0.8831859535283313 0.7354274539845106 0.04643707730333056 0.0420244266093381
1 0.9228631727882225 0.7495356572659437 0.03997114469146524 0.04622686927027203
1 0.8775371605936667 0.8080696888024161 0.03409303517801433 0.04802791612495796
1 0.9193363279037006 0.7972634076743006 0.04702487610760613 0.045626520318709965
1 0.9619526027879658 0.7612424676608555 0.042910199448190835 0.04322512451246197
1 0.9604830754096031 0.8071691507764396 0.038795522788775114 0.04622686927027189
1 0.9587196616438208 0.8503942752889014 0.038795522788774975 0.0402233797546522
1 0.8855371982013587 0.8648026647250227 0.03703208993473993 0.04862826507651988
1 0.8461538644612386 0.8885164483117205 0.03703208993473979 0.04322512451246226
1 0.8570283653258266 0.9278392666825824 0.04349801039953562 0.039022681851528344
1 0.9064044869741089 0.9587572756444714 0.03409303517801447 0.04322512451246197
1 0.945200009762884 0.9428480284280792 0.04702487610760613 0.04622686927027189
1 0.9593074639186875 0.8957206444896445 0.03997114469146524 0.044425822415585826
1 0.9246266264658063 0.8690051073859564 0.03644427898339472 0.043825473464024045
1 0.8567344702619283 0.9671621551268856 0.044085821350880676 0.037221634996842425
1 0.9648916627505782 0.6943035624814223 0.045261443253571086 0.043825473464024045
1 0.9328559797846373 0.6654868128064476 0.04349801039953562 0.047427567173395885
1 0.8620247601475556 0.6976054817150131 0.040558955642810306 0.04082372870621427
1 0.8405696656293477 0.6651866412503934 0.03644427898339487 0.045626520318710104
1 0.886712820104049 0.6429737271228736 0.04643706515626107 0.042024426609338195
1 0.8370427947153897 0.6225618627697664 0.04937611991298652 0.03842233289996621
1 0.7900179238136709 0.6075531389807174 0.04820049801029626 0.042024426609338195
1 0.8000107047806501 0.6489772166384933 0.04584925420491615 0.03842233289996628
1 0.7720896845917588 0.681996408974402 0.029978358518598897 0.04682721822183396
1 0.7468138136839204 0.6910016432478315 0.01939776139438763 0.04202442660933812
1 0.7000828352431563 0.6360697025010045 0.047024860489944226 0.041424054299961696
1 0.619846648193384 0.664586274780471 0.03938333374012011 0.04682721822183382
1 0.680978987133272 0.7027084478032899 0.03820771183742991 0.04622686927027203
1 0.598979364626521 0.7108131440507431 0.04937611991298652 0.037221634996842286
1 0.536965304053728 0.5829388319666761 0.03820771183742984 0.04802791612495788
1 0.6057391888316935 0.5493192906792056 0.048788308961641394 0.045626520318709965
1 0.7444625698785401 0.4847817783862935 0.038207711837430054 0.047427567173395954
1 0.778555603321259 0.4598672822978381 0.040558955642810306 0.045626520318710034
1 0.8208779935534003 0.4445583986316413 0.04643706515626093 0.039022681851528275
1 0.7697384373157873 0.5292075935025631 0.0405589556428099 0.04262480183844014
1 0.7620968914777099 0.5739336006129733 0.044085821350880676 0.04922861402808188
1 0.8170572223696573 0.5751342955963704 0.04232238849684549 0.03842233289996628
1 0.8517380684990167 0.5412145798331192 0.042322388496845637 0.05102966088276773
1 0.8817164096646585 0.49919016782241443 0.024688059956493334 0.051029660882767655
1 0.8640820967419677 0.5886421236487012 0.03644427898339472 0.042624775560900045
1 0.8867127836628391 0.5487189081507865 0.04055895564281013 0.049228593589994624
1 0.9134582062431794 0.5042931163923311 0.038795522788775114 0.05042931193120573
1 0.9008202569068948 0.6048515686986882 0.04643706515626107 0.03662128604528036
1 0.9799476417732556 0.558133236780094 0.040104716453489 0.05124743348924731
1 0.9773024924922027 0.6109639445175478 0.04539501501559485 0.04524394397362748
1 0.9787052339895532 0.49798945532065686 0.03644427898339472 0.04982896297964366
1 0.5719400365705072 0.4040348298025745 0.0399711446914651 0.04922861402808188
1 0.6330723893927618 0.4163419876891853 0.045849254204916104 0.043825488062657215
1 0.6883266240250854 0.38632455033012986 0.04584925420491615 0.042624775560900045
1 0.705667047089765 0.4241465342785342 0.04291019944819055 0.047427567173395885
1 0.757982221759477 0.4025340012195703 0.03468084612935954 0.04862826507651981
1 0.8032436754248229 0.406436247506773 0.042910199448190675 0.04442585453257979
1 0.6404200419022359 0.3605095395735116 0.040558955642810375 0.04142407765777605
1 0.48233420533798177 0.6268312502596349 0.03960817057995925 0.04673020393479483
1 0.47400875558874944 0.2856476475866628 0.032326603207475484 0.04303888277008898
1 0.5040263157099766 0.26235948499188866 0.04271729709559253 0.028299539355674953
1 0.5126852272834076 0.2906590243475636 0.047335383268089046 0.023582949463062376
1 0.5360642834192205 0.24762011863889288 0.039830993237782476 0.040091014087206105
1 0.575895242573998 0.23464946345999707 0.043294557867154596 0.042449329104771574
1 0.5888836491295998 0.27886754961603233 0.047335383268088976 0.03773271914089992
1 0.5906154280359854 0.31689504128860685 0.03809921092309601 0.04068058782378266
1 0.6214211456039509 0.24762091775034636 0.0490671655827753 0.0353744241945936
1 0.6635612432773885 0.22167968767759091 0.0479126644894541 0.03773271914089977
1 0.6413367155013006 0.29183898240146106 0.04040825400934438 0.04598675145297168
1 0.6690452257196793 0.3404788271383182 0.043871818638716746 0.04657632518954831
1 0.6742405811844886 0.26825605014233495 0.04618086172496504 0.04598675145297168
1 0.69259529689082 0.30542865174881817 0.03631585814921451 0.04011826882117667
1 0.6951892473756422 0.24903604975995514 0.034092438262527766 0.04693080503609348
1 0.7359519628017762 0.24487282950284256 0.04891523750710519 0.03709047494788031
1 0.909749303635935 0.05412181548517232 0.042244977847045534 0.037090474947880335
1 0.963481950897528 0.046930805036093474 0.042986117809274166 0.03936132035285259
1 0.9456945874281483 0.08439971740483486 0.04150383788481679 0.041632202571125834
1 0.9071553072043039 0.09386159534686656 0.03557471818698545 0.04390301116279713
1 0.9371714537951407 0.1264103537154917 0.034833578224756676 0.04238911422614897
1 0.9130844236202202 0.15176814581099912 0.04743295101881797 0.03557657801123212
1 0.8845505492960402 0.17863981275517415 0.0452095376959609 0.03481962954290804
1 0.8226653361946106 0.17939674281684773 0.042986117809274166 0.03936132035285258
1 0.7867200699059431 0.21459484291258776 0.04372725777150322 0.04314606269447299
1 0.8234064783447826 0.22897690798670664 0.04002155796035879 0.04465995963112128
1 0.7863495130524882 0.25736247554885994 0.038539278035901105 0.04087521728950076
1 0.7300228540436616 0.2910466787079517 0.03853927803590125 0.049201650441065684
1 0.7270582963826894 0.34251915614733924 0.034092438262527905 0.04920165044106582
1 0.7663387209446492 0.3470608727265945 0.03557471818698559 0.05071554737771393
1 0.7796792468285983 0.2952098768770837 0.03705699811144356 0.036333526479556254
1 0.8211830562701528 0.27855703634326456 0.04150383788481648 0.049958598909389806
1 0.8567577700812521 0.25736246818619973 0.038539278035901105 0.04390301116279707
1 0.8597223255542807 0.20588998338415201 0.04298611780927444 0.04390301116279712
1 0.9030790133446697 0.21043163001813536 0.04817409754487642 0.036333526479556254
1 0.9316129150181405 0.18772320541905352 0.04298611780927444 0.03784742341620437
1 0.9775636101798765 0.19983439563755934 0.042986117809274305 0.033305732606259894
1 0.9427300078877436 0.22897688589872597 0.04002155796035879 0.04920165044106575
1 0.896408755872553 0.24222348041306738 0.04669181762041887 0.03330573260625986
1 0.8956676202862108 0.27893550321476634 0.04076269792258785 0.03709047494788031
1 0.8015428035122224 0.32018917080978354 0.03483357822475683 0.0439030295694475
1 0.8093248387539235 0.36522763596637264 0.04446839773373199 0.04011826882117667
1 0.8474934592909793 0.3111057542172586 0.0481741238001959 0.03936133507817315
1 0.9256837625011606 0.30505023641593765 0.042986117809274325 0.04693083448673414
1 0.8889973759417538 0.315647478159174 0.037798138073672334 0.03784742341620444
1 0.8526815243563689 0.3440330346773369 0.04817409754487642 0.03254878413793577
1 0.8993733310370713 0.36219986049972674 0.04076269792258785 0.04163216575782485
1 0.8529864070765838 0.3911711540518293 0.04446839773373207 0.031034887201287855
1 0.873803960769253 0.4079952189046885 0.03853927803590132 0.039361360847483554
1 0.9097492795685593 0.40837369866084555 0.03779813807367219 0.043146062694473034
1 0.9353186060775117 0.34403301627068655 0.03557471818698559 0.04011826882117674
1 0.9701522105575877 0.3076995523737419 0.04002155796035879 0.04768775350441757
1 0.9758118404353301 0.3505524449478047 0.048376319129339956 0.03801810527030988
1 0.9727462004253888 0.4167001318124106 0.0452095376959609 0.04163216575782485
1 0.9519942727312076 0.43827317052230724 0.042244977847045534 0.0408752172895008
1 0.9438417331466894 0.4863393872168966 0.02890445852692565 0.04163216575782478
1 0.949770861596294 0.5294854535926997 0.04076269792258756 0.0431460626944731
1 0.9738308440862958 0.11321545758440799 0.04094282906449513 0.042699605859112456
0 0.37219729604038515 0.21393715080506376 0.042701705282152745 0.04361253212004055
0 0.9111620593026615 0.45380604306997285 0.047318105853196075 0.04479124920436597
1 0.9261653236809332 0.5709469755729948 0.047318105853196214 0.0424338150357152
0 0.9180866635662833 0.7029632947499942 0.04500990556767448 0.04714868337301695
0 0.9059685814037867 0.836158331011319 0.036931204568348336 0.028289210023809942
0 0.8973128303330798 0.9080600502249604 0.04731809222497121 0.037718946698413455
0 0.9578851347935327 0.181594357610154 0.0370701009976841 0.04454867744148438
