2 0.04348563194032381 0.12848605577689243 0.04638467406967873 0.049800796812749015
2 0.09131982707468002 0.11952191235059761 0.043485631940323816 0.05976095617529881
2 0.13915403076739227 0.10458164424273278 0.037687547681613955 0.06972111553784861
2 0.17611678368324324 0.09462148488018297 0.03913706874629142 0.05776892430278883
2 0.21742815114326297 0.09462150425620973 0.03768754768161397 0.05776892430278885
2 0.2601890225512481 0.10159360612198119 0.04493515300500128 0.05577689243027887
2 0.3681783504280749 0.18426294820717132 0.0405865898109689 0.061752988047808745
2 0.5138590098463165 0.26419191388960855 0.04202847468919641 0.05428024212184666
2 0.6080702728181479 0.4133466426098569 0.04494278919145127 0.05378484118174223
2 0.7008434476090861 0.5019920124964832 0.03623802661693659 0.06374501992031867
2 0.30077561236221706 0.13346608701810042 0.03623802661693656 0.06374501992031875
2 0.32831648905560956 0.17828683805762136 0.03333898876675958 0.06175301711184891
2 0.022467567944144572 0.1922310660091978 0.03623802661693651 0.05378486055776893
2 0.06160081859721103 0.1867555950758318 0.04204374706209626 0.050802065557103655
2 0.12031023980987314 0.16832664478702472 0.03188946342290413 0.049800796812748994
2 0.15944731711452065 0.15737043073616644 0.03188946342290414 0.05577689243027887
2 0.4334067855010265 0.23207171314741035 0.037687547681614 0.05776892430278885
2 0.39426972959226925 0.2370517443886183 0.037687547681614 0.05577689243027887
2 0.5400411654177377 0.3293826800584807 0.03920567868398841 0.06585229330611433
2 0.4986573838284983 0.33237600251158883 0.03920567868398841 0.05986572118737673
2 0.4676195323652722 0.25754382919112445 0.03593855165369533 0.0568724351280079
2 0.4540064655639362 0.30842968492164674 0.04138377194420997 0.05387914906863902
2 0.41806792355527067 0.2844833309379655 0.03484949216354522 0.05387914906863902
2 0.26832402156006646 0.1610103246614881 0.04029472531409919 0.061362364217061136
2 0.20025860717814212 0.15577210317258397 0.04356186520443156 0.05687243512800784
2 0.22488809053776035 0.19980172800290424 0.035938558083714836 0.06435573762140395
2 0.18350435717366792 0.21252331021518728 0.035938538793656036 0.0508858630092702
2 0.09692514043483082 0.21701323930424057 0.032671398903323684 0.059865721187376694
2 0.14103153859934717 0.3277648235008874 0.038116632053877615 0.053879149068639054
2 0.11162727958635585 0.36069097015394463 0.03593853879365602 0.053879149068639054
2 0.07187707276479742 0.3808956292184403 0.03484949537855498 0.052382506038954536
2 0.20310720294568171 0.2626608007583804 0.03811663205387763 0.046395933920216945
2 0.2537478407032404 0.24395283567480358 0.03267139568831388 0.056872478800494945
2 0.2913199639096065 0.21252324470645664 0.03593853879365607 0.0508858630092702
2 0.32834754933337346 0.2409595205004433 0.03376044553343444 0.05986572118737673
2 0.3593853525714525 0.2858588477847151 0.03484949216354515 0.05387914906863894
2 0.3866115118942025 0.32252655833949634 0.03049330564310202 0.05836910727268362
2 0.34849491199042304 0.3562010556223869 0.03920567868398841 0.053879149068639054
2 0.2744397507879188 0.3494661474313115 0.04138377194420997 0.0583690781576923
2 0.23087784539586484 0.30681180652780976 0.03702757577873739 0.06285897813175417
2 0.17043579761233843 0.29109706927361917 0.04247281857432077 0.05537579209832345
2 0.19385029051469105 0.3337512973565292 0.034849492163545215 0.05986575758111584
2 0.15083294541030506 0.3808956292184406 0.04465091183454234 0.049389219979585806
2 0.1421205707619139 0.43701975011035415 0.04029473495912858 0.05687246424299924
2 0.10019228354017296 0.4332781498148908 0.03920568511400799 0.049389219979585786
2 0.18513789336123132 0.4153184552949211 0.04356188770950013 0.049389219979585716
2 0.3109227968215813 0.3838889298353051 0.03593853879365607 0.06136236421706109
2 0.27934046383842714 0.44599963740345205 0.038116632053877594 0.059865721187376625
2 0.32889209515349727 0.444502979816272 0.04138377194420997 0.047892576949901414
2 0.4214610458528753 0.3494661255950679 0.03484949216354515 0.0583690781576923
2 0.38225535752385753 0.383140615599211 0.030493305643102174 0.05687243512800791
2 0.46121123820688964 0.36293589102598417 0.038116632053877664 0.05537579209832345
2 0.4960607142953859 0.40110032467667606 0.03376044553343448 0.05687243512800784
2 0.4372522284195013 0.41531846257366944 0.03158235227321285 0.05836907815769237
2 0.40458081987114836 0.44001302889097516 0.035938538793656036 0.05687243512800791
2 0.19112768036943362 0.4721908758654337 0.04247281857432078 0.049389219979585806
2 0.509129299576794 0.46495016056030763 0.04465091183454244 0.055375879443297506
2 0.43997482570471946 0.48216151172919147 0.03920567868398841 0.059865721187376694
2 0.3550291885560779 0.4918896295527837 0.03702759828380621 0.06136241516829569
2 0.3098337598364998 0.4911412971198197 0.04029472531409922 0.04489929089053248
2 0.050096138555076705 0.24320447048747432 0.04573995846465314 0.046395933920216945
2 0.03593853236363644 0.3068118174459316 0.04573995846465313 0.05387914178989111
2 0.03757211838385159 0.36218759862613337 0.035938538793656015 0.056872478800494994
2 0.03430496884848985 0.44001305072721875 0.04465091183454234 0.05387914906863898
2 0.0196028393419942 0.4916471624638527 0.039205678683988394 0.04340264786084809
2 0.23850121199426277 0.5081103085778598 0.04356186520443156 0.05537579209832345
2 0.28260759086872034 0.5283149967573472 0.038116632053877594 0.05986572118737655
2 0.32616946250317147 0.5395397758074931 0.035938538793656 0.0553757920983233
2 0.6305579988341468 0.5073619652267739 0.03920567868398834 0.05687243512800784
2 0.5554137813565023 0.5111035946372285 0.03267139890332373 0.06136236421706109
2 0.5145745230823184 0.5178384518770691 0.03593853879365618 0.059865721187376764
2 0.4742797816931703 0.5178384664345649 0.04029472531409922 0.05387914906863898
2 0.3098337694815291 0.5904256497348852 0.03593853879365606 0.058369085436440135
2 0.1285075023530731 0.4976338073700687 0.04573995846465314 0.052382506038954585
2 0.05880850998845812 0.5260700358521945 0.04791808065996286 0.05537581393456663
2 0.16716863200192772 0.5253216888617347 0.04247281857432073 0.059865721187376694
2 0.10454847649063571 0.55226127795355 0.04138377194420997 0.05687243512800791
2 0.06534278494660817 0.5881807033872284 0.037027585423766836 0.06285900724674562
2 0.10563751186821228 0.6031470754540896 0.03484947608849632 0.05387914906863896
2 0.0571749512958262 0.6480464318533528 0.0381166384838972 0.05687243512800791
2 0.17969269396828014 0.5899198098664695 0.0479180517248747 0.05687243512800776
2 0.10019228997019258 0.6669969258952171 0.039205678683988394 0.06136236421706109
2 0.1421205755844286 0.6692418904397437 0.035938538793656036 0.06585229330611433
2 0.2101860092564116 0.6378123285863881 0.045739958464653084 0.05088586300927027
2 0.03321593186340844 0.7784968206885843 0.03376044553343447 0.059865757581115675
2 0.06915445136700571 0.8151645858339746 0.03376044553343445 0.058369078157692086
2 0.020691885972104987 0.8563222691502959 0.0392056786839884 0.05088586300927034
2 0.059353041341038 0.8720370209619821 0.031582352273212884 0.05537579209832345
2 0.10237037358538476 0.866050419728253 0.039205678683988394 0.04639593392021709
2 0.11380536641655786 0.9154396397078394 0.04682900509476393 0.05238250603895466
2 0.060442087971148785 0.9236712054860948 0.04682900509476392 0.04789257694990155
2 0.08984633412410088 0.9670738023957081 0.042472818574320774 0.05088590668175732
2 0.28424117045891584 0.9670738533469428 0.04356186520443156 0.05986572118737655
2 0.3185461393074057 0.9408826003274655 0.038116632053877594 0.05537579209832345
2 0.3751765737181962 0.9558490233455618 0.04682900509476391 0.052382506038954516
2 0.37517656407316674 0.8974799524666175 0.04247281857432071 0.05238250603895466
2 0.3359708821741685 0.8630571336688846 0.038116632053877594 0.0643556502764298
2 0.29785425333530074 0.8555739476354538 0.04029472531409915 0.05238250603895466
2 0.2450354917749275 0.860063876724507 0.04356186520443156 0.05537579209832345
2 0.27062808758253104 0.8076813706855523 0.04029472531409922 0.05836907815769237
2 0.2640938078018663 0.7485639710130179 0.03376044553343448 0.05687243512800791
2 0.23414502225880973 0.7740068734026616 0.0326713989033237 0.05986572118737683
2 0.1938502937297008 0.7889733546507405 0.04573995846465312 0.05687243512800791
2 0.1481103545551065 0.7762518525046839 0.03267139890332366 0.06734893633579887
2 0.16008984498125658 0.7193793737041889 0.030493305643102087 0.049389219979585876
2 0.19820647542762942 0.7291076334633637 0.04138378801925885 0.05387914906863898
2 0.23577858577395638 0.6969297864889055 0.038116632053877594 0.05537579209832345
2 0.26844999753731924 0.6587654037894485 0.04682900509476393 0.059865721187376764
2 0.31582350665707976 0.682711670428156 0.04573995846465312 0.05387914906863912
2 0.35557372473117255 0.7942115834183926 0.035938538793656105 0.05836907815769223
2 0.3953239267302163 0.8136679428042899 0.03484949216354522 0.06136236421706101
2 0.41656032958735706 0.87503027790636 0.04247281857432078 0.052382506038954516
2 0.404580823086158 0.6976781080037476 0.035938538793656036 0.0658522933061144
2 0.43289604511406793 0.6071312338228317 0.04029472531409922 0.05537579209832345
2 0.4426974647850649 0.6632552819272668 0.035938538793656105 0.04789257694990127
2 0.44160840207990526 0.7156378061630911 0.038116644913916704 0.047892584228649636
2 0.4149267596421907 0.7590404467451916 0.04138377194421002 0.05687247152174672
2 0.46066671810684406 0.7710135800645446 0.04138379123426904 0.05687244968550373
2 0.4824476844666627 0.5674702080936905 0.03484954681871142 0.053879323758586804
2 0.4835367037691903 0.6288325286382644 0.03920567868398848 0.053879149068639054
2 0.4791805043887079 0.6909432252882891 0.03920567868398845 0.05537582849206271
2 0.5341773720693416 0.5727083968282294 0.03593853879365596 0.0613624151682959
2 0.5924413507052202 0.537537303827515 0.03484949216354529 0.05687243512800791
2 0.625112746393534 0.5644768565255911 0.030493305643101962 0.05687243512800791
2 0.7144146279327953 0.5786950890463065 0.04138384910444461 0.058369281962631275
2 0.5276430794286381 0.6318258146976332 0.04029472531409915 0.05387914906863898
2 0.5668487516826068 0.6625069676911725 0.04029472531409915 0.05537579209832345
2 0.5243759523983448 0.6864532852811144 0.04029472531409915 0.05537579209832345
2 0.4993278799057965 0.7388357294507124 0.03811663205387759 0.055375813934566906
2 0.5151190560424032 0.7912182609652845 0.03702758542376678 0.05836907815769237
2 0.5592254381318703 0.7912182973590238 0.04029472531409915 0.061362364217061156
2 0.5309102209264751 0.839859126675663 0.040294734959128845 0.05387915634738686
2 0.5488794404906515 0.7313525470566558 0.03702758542376678 0.05836907815769237
2 0.5886296874998324 0.7186310740255903 0.038116632053877594 0.05088586300927005
2 0.6226982297015821 0.7493692468116709 0.03267139890332357 0.06104120924025175
2 0.6583286879019719 0.7799934746363906 0.04247281857432078 0.05387914906863898
2 0.6204466294500043 0.6054190158220538 0.036023173287630904 0.0583690781576925
2 0.6563591259931667 0.6191595036237482 0.037544648954900846 0.05687243512800789
2 0.6828322210044158 0.6168593771220411 0.03920567868398834 0.04789257694990134
2 0.7298606690732988 0.6528971579538633 0.04029472531409926 0.04489929089053257
2 0.6860993608947481 0.7216244255936899 0.03484949216354522 0.05687243512800791
2 0.7231269559635441 0.7021680734865402 0.04138377194420997 0.0508858630092702
2 0.7579764256220208 0.6655002464717933 0.034849492163545076 0.04938921997958573
2 0.8042609363368175 0.669990211954586 0.04247281857432086 0.052382506038954516
2 0.7705004731208293 0.7238693755807206 0.03811664169890706 0.052382506038954675
2 0.817329495898147 0.7231210395083827 0.04247281857432071 0.04789257694990127
2 0.8641585009929108 0.7448223634388068 0.04247281857432071 0.052382506038954516
2 0.8451001849659722 0.7942115834183926 0.043561865204431456 0.049389219979585876
2 0.8140623560078147 0.8286343731011343 0.038116632053877594 0.05537579209832345
2 0.8839453849362158 0.8007040015051368 0.03702758542376685 0.05836907815769237
2 0.8532680186167539 0.8465940676211035 0.04029472531409922 0.05238250603895466
2 0.822774729048701 0.8922417236989653 0.04247281857432057 0.05088586300927034
2 0.8500075667408931 0.9740801956544114 0.04030806919294392 0.04993211732736284
0 0.14702129506495648 0.23572127717529573 0.04138377194420997 0.05537579209832345
0 0.11761703605196519 0.2776272820064594 0.04138377194420995 0.05836907815769223
0 0.07623325124771606 0.31654000805700205 0.03920567868398841 0.06435565027642991
0 0.23033334619338286 0.3749090643784509 0.038116632053877664 0.05238250603895466
0 0.2864192412140689 0.27463398866834277 0.039205678683988374 0.06136236421706109
0 0.32017968353249343 0.30830846775436377 0.03920569154402778 0.05088588484551395
0 0.07677777456277143 0.4864089846474357 0.04682900509476391 0.05687243512800784
0 0.26627190106208787 0.588180710665976 0.046829005094763974 0.05687243512800784
0 0.016880222766717225 0.5792008524878695 0.03376044553343445 0.0718388654248519
0 0.025048072492548142 0.7153953317954124 0.039205678683988394 0.05387914906863898
0 0.06806542081194387 0.7356000490898914 0.03811664491391676 0.07034222239516752
0 0.10019226746512404 0.7715194890810654 0.030493305643102108 0.052382506038954516
0 0.12251773945744414 0.7296134624136578 0.04029472531409921 0.05836907815769223
0 0.1971174400500528 0.8538348484349602 0.04791805172487471 0.05836907815769223
0 0.017431418021195067 0.913869306212693 0.034862836042390134 0.05271997921966687
0 0.273350704157808 0.8979858178106506 0.04573995846465315 0.0419060048311637
0 0.3386935019644553 0.7453282287828398 0.04356186520443156 0.0508858630092702
0 0.3991355802905747 0.6413115236622773 0.035938538793656036 0.04340264786084809
0 0.4040362997711027 0.5006270934294377 0.03920567868398841 0.04938921997958573
0 0.585362563684549 0.4677009467763804 0.04900709835498553 0.061362364217061156
0 0.633825138724479 0.45056593533819617 0.0479180517248748 0.05403191587501215
0 0.6615958277923043 0.5672277009716464 0.03593855808371498 0.0568724351280078
0 0.5668487516826068 0.6038954624776626 0.0359385387936559 0.05537579209832345
0 0.6120442061222634 0.6772309709321989 0.03702758542376685 0.05238250603895466
0 0.6447155985955669 0.7071638751983746 0.03267144391346088 0.052382622498919874
0 0.6741198543935489 0.6697477557837769 0.04138377194420997 0.052382506038954516
0 0.8636206367572385 0.9258424504501681 0.039219022562833314 0.05271997921966687
0 0.8965288041780769 0.8884463168635829 0.04783428071791791 0.055777115254586916
0 0.9074001864880902 0.940239043824701 0.037687547681614 0.05179282868525902
