0 0.0442983311509208 0.6414342629482073 0.057095626816742365 0.04382470119521912
0 0.3061506886208082 0.701195219123506 0.04922036794546756 0.04382470119521912
0 0.6339583449498235 0.6454183363812404 0.04331390054320518 0.047808745564212524
0 0.8623408464045914 0.5378486055776893 0.04331392379201148 0.04382470119521905
0 0.7205861750972418 0.4671314644155723 0.04331392379201148 0.0537848605577689
0 0.7800520065351546 0.39222074082981917 0.035438664920736614 0.04581673306772913
0 0.7068044836969141 0.7310756972111554 0.051189182663286203 0.035856573705179355
0 0.7077889259290331 0.7768923915268309 0.041345109074192685 0.05577693118233246
0 0.6546308936747184 0.8745019920318725 0.05315799738110506 0.05179282868525902
0 0.59162882270452 0.8406374501992033 0.045282738509830195 0.05179282868525902
0 0.885966623018416 0.598605577689243 0.039376294356374186 0.05378486055776897
0 0.18211536139822995 0.0458167330677291 0.05709562681674237 0.04382470119521914
0 0.26697026116449446 0.08720029233450324 0.04567447230994996 0.046910544828368976
0 0.9095923996322404 0.11155378486055778 0.04725155322764877 0.04382470119521914
0 0.9617659547812261 0.11454183266932272 0.045282738509830125 0.049800796812749015
2 0.23402985008279337 0.05544857814108372 0.04894298316038844 0.03975565856850571
2 0.2902107735686677 0.04917133399109001 0.04687489555242057 0.04533527247405462
2 0.33352966439859394 0.057081522850584904 0.03976295529788523 0.0499963884615189
2 0.3742005270836185 0.08428267615888936 0.04389898806288663 0.044416635482216096
2 0.41969673690765164 0.0661485434249681 0.045277665651221106 0.0444166354822161
2 0.39671321331731735 0.020575205125489323 0.046185554723240055 0.04115041025097864
2 0.5733994156854204 0.029800237125954313 0.04252031047455309 0.05278626495117058
2 0.2763147113538288 0.1442646611298599 0.04252031047455284 0.055576141440821736
2 0.3424568460812009 0.10913440465793721 0.04394154830607935 0.05314640537832109
2 0.37420053725868496 0.13345400845395805 0.052171053592891085 0.04511410460462888
2 0.1560254255138789 0.22447327439510276 0.050103037210390014 0.04441663548221589
2 0.4121140468020553 0.18088166794299454 0.04527766565122078 0.04511410460462884
2 0.36317116946236033 0.1934360748339553 0.05217105359289112 0.04790398109428027
2 0.3197429292155212 0.2279605691265252 0.04803502082788965 0.04581157372704182
2 0.40454887622103697 0.246074259922455 0.059064441534561016 0.04395619758631966
2 0.36489447167748423 0.2436535633240443 0.04458832685705392 0.04371916635980315
2 0.22316529236648713 0.24163199339113167 0.04147991193867908 0.05044832421549628
2 0.07617171188647685 0.05823837491772982 0.04618556286329367 0.04254540955257433
2 0.027918138745722288 0.061028251407381225 0.04204954230837184 0.046730203934794774
2 0.03239883378526096 0.1056660377988091 0.04549622610414002 0.04115047809183421
2 0.08857977151622895 0.10113251394344641 0.05170025693652275 0.04463780674368454
2 0.019885888390090107 0.15543988952198348 0.038212099259388836 0.047342098331568536
2 0.06277701675857221 0.13965912484268347 0.04601050297865641 0.044185958442797296
2 0.1033285920108715 0.1653028189996354 0.05068952863446883 0.04024078358183325
2 0.06714807844256518 0.17786205195237753 0.041331454300971585 0.049709203248147045
2 0.09487022734358334 0.23632850236116845 0.0530290357069068 0.049709203248147
2 0.06121733348231276 0.23513241787607825 0.04757016438413714 0.044185958442797324
2 0.01949596900989226 0.24894051453993618 0.03899193801978452 0.04655306335937578
2 0.14209899126692235 0.2573821358894443 0.040551615540575785 0.05365437810911094
2 0.07330484117500766 0.2820799948841713 0.04679032562374141 0.044974993414990116
2 0.028464117056629937 0.3014113593776533 0.047570164384137116 0.05049823822033975
2 0.1825836008476606 0.2733470342944835 0.04044526809471076 0.050498238220339726
2 0.13647178306924584 0.3199536812241842 0.043670970582158686 0.04655306335937574
2 0.08266290860194321 0.3282385369200717 0.04990968066532419 0.04576402838718302
2 0.03704234342098254 0.34678085109184464 0.04289113182176298 0.040240783581833243
2 0.26552196097045966 0.3157676582097146 0.050689519425719747 0.043396923470604545
2 0.22420364361376102 0.30062231289332336 0.041331454300971585 0.05049823822033979
2 0.30974578102640676 0.30138399509498603 0.044450809342554215 0.04892016827595419
2 0.3645746135784237 0.294310044627918 0.04445080934255429 0.04892016827595416
2 0.3513173523495096 0.3377069565863853 0.0491298419049285 0.045764028387183055
2 0.29054480255232207 0.3410594996373078 0.040551615540575806 0.05365437810911115
2 0.28152179250284426 0.3633506046947888 0.042111293061367225 0.048131133303761404
2 0.3302616989122643 0.38623261505100115 0.05224919694651128 0.04339692347060456
2 0.18014275019812362 0.3369179177768135 0.04211129996792897 0.0552324480534967
2 0.23434153829015597 0.34638633360574816 0.0491298419049285 0.045764028387182944
2 0.03548266129581669 0.38938873959025627 0.04289113182176298 0.048131133303761474
2 0.075644335585416 0.37992032759870065 0.04367097288434592 0.05759955297007508
2 0.12048504013520224 0.36098343070538763 0.042891131821762976 0.04655306335937581
2 0.16493589091712685 0.3795258177873627 0.046010500676469196 0.04418595844279737
2 0.2089967624619856 0.38702161548678277 0.0421113022701163 0.04813114097851954
2 0.27298405241444224 0.3915190689150046 0.03899193801978444 0.052865343136918236
2 0.29828829362073034 0.41739948877785954 0.0538088928848005 0.045764028387182944
2 0.12399435599635307 0.404774910035879 0.04367097058215867 0.047342098331568536
2 0.1672754002917522 0.4296295231720896 0.04289113182176299 0.04813113330376133
2 0.21367581113967024 0.43909795051316136 0.04835000314453282 0.04970920324814699
2 0.25968629109645425 0.4643470811354684 0.04523064810295008 0.048131133303761404
2 0.059649652993037365 0.4304651596798545 0.04187327354804035 0.05195981974142545
2 0.1090285235779163 0.44685259891549917 0.04424345884321241 0.04956146893159378
2 0.025676997095570683 0.47922737562317436 0.04503352060826977 0.04716333333812969
2 0.07058519407693986 0.47870017779903273 0.04478299657999256 0.04770884257277848
2 0.1509017855735638 0.4760298794332531 0.045823595209319216 0.051959604525057976
2 0.19435518136811958 0.4812258578204559 0.04266333531309766 0.051160225993903345
2 0.23938869684199254 0.5072056600829846 0.0489838294335566 0.04076830508889174
2 0.3251104163211054 0.48522276841092654 0.04661364413838452 0.044765197744665385
2 0.3655382550475917 0.5012883005083854 0.0513540147287287 0.04236706215120132
2 0.3916919186894574 0.5319316610334193 0.052668193592933926 0.04616985637880394
2 0.11218875010055843 0.5036084387580917 0.05056396323246501 0.04796271186928429
2 0.18297563157010469 0.5119248062145406 0.042212494587568206 0.05177879889971535
2 0.0221217294216062 0.5267904340962758 0.04424345884321241 0.04476519774466525
2 0.07096300067406931 0.5218978287054918 0.03950308825286821 0.047163333338129644
2 0.10349805528173697 0.5459753843337604 0.05056395296367135 0.041567593946560406
2 0.058328533421520404 0.5672335150879616 0.04345338680936136 0.05515729799664972
2 0.04226830443056899 0.7086490678686761 0.04345339707815503 0.04876209040043904
2 0.07426575842222155 0.7494174267616597 0.04108321948457819 0.051959604525058156
2 0.09243722394451322 0.5947375375056394 0.04740370590344187 0.044765197744665385
2 0.0940173397730327 0.6526925706878444 0.04424345884321241 0.04716333333812955
2 0.10626329969862022 0.6994561161195617 0.043453397078155015 0.0495615227356856
2 0.13233534564710853 0.7434220339739072 0.04503352060826977 0.047962711869284365
2 0.13470550527029648 0.6183193655869796 0.04503352060826979 0.050360847462748666
2 0.14695147033028086 0.5711559425753637 0.04582358237332715 0.05195960452505808
2 0.18842971042859402 0.583146638477382 0.043453397078155015 0.053558361587367355
2 0.22200730206995264 0.620717429441655 0.04424345884321241 0.04556457627582013
2 0.176183753070205 0.6379039333512524 0.04582359264212074 0.046363757525304944
2 0.1544570673671195 0.6750751336907825 0.04977389119861398 0.04396581921351071
2 0.17776390740670064 0.7254360170229256 0.0474037059034419 0.043965819213510574
2 0.22437753357469625 0.7310316488063117 0.044243458843212374 0.04076830508889188
2 0.2080535495440539 0.6945957778327706 0.0545142617889581 0.03996892655773695
2 0.24847438018456874 0.6958589127293656 0.04819378050449134 0.047163279534038066
2 0.25360982401621546 0.5615633643321124 0.04740370590344188 0.050360847462748465
2 0.3041737795470853 0.5395804726600543 0.04740370590344178 0.047962711869284365
2 0.35315760127904644 0.5359832872045552 0.047403705903441846 0.0455645762758202
2 0.31444458506002937 0.5899413021881056 0.050563952963671284 0.04316644068235584
2 0.26546075305927447 0.6159211582547264 0.04108321178298294 0.051959604525058156
2 0.2950880589801319 0.649095367297648 0.049773891198613925 0.044765197744665454
2 0.3377514045620231 0.6307095176035111 0.04345339707815506 0.044765269483454516
2 0.40368571157535693 0.5839556942825164 0.04311159589786233 0.049561468931593806
2 0.38278490976710244 0.638303757127059 0.05135401472872864 0.04396581921351071
2 0.4428545781736275 0.6325241252550962 0.03871302648781071 0.0487620904004392
2 0.37297944856045473 0.6674347371001201 0.040293150017925515 0.05355836158736764
2 0.3962736120982685 0.7081044194495167 0.03871302648781087 0.05036084746274876
2 0.42989948143476137 0.749508952417741 0.04419126926573524 0.050360847462748756
2 0.4388793002205723 0.7322306807336492 0.049773891198613855 0.046363954806975013
2 0.4147824163863227 0.6858667617960686 0.04740370590344178 0.04956146893159371
2 0.4771972983930528 0.659886977468237 0.04266333531309769 0.05036084746274852
2 0.48707307815786516 0.7074498924637607 0.04661364413838442 0.046363954806975013
2 0.5265761664107333 0.9576554803233773 0.04029315001792568 0.05275898305621268
2 0.5498829794947313 0.9104921290505511 0.045823595209319425 0.0527589830562128
2 0.6099276774898883 0.8865105578995413 0.04424345884321241 0.04956146893159371
0 0.6395549834107459 0.8265574012140001 0.0418732735480404 0.0511602259939032
0 0.6012369929398607 0.793782881436656 0.04266333531309754 0.04956146893159371
2 0.5348718021078436 0.7242369312914964 0.04424345884321248 0.04956146893159371
2 0.5787202352029241 0.7270347740852354 0.04029315515232237 0.05195960452505801
2 0.558178637013028 0.6722773447011354 0.04029315001792561 0.0559564971808318
2 0.5242059862499581 0.6407019644593123 0.04029315001792562 0.053558361587367355
2 0.5356618767088931 0.5867438418675783 0.047403705903441916 0.044765197744665246
2 0.5593637065558283 0.6275120214135893 0.037922964722753603 0.04156768362004648
2 0.5858307936556387 0.6007329661627864 0.04503352060826984 0.0535583615873675
2 0.576745088491876 0.5555680791525436 0.04424345884321234 0.047962711869284365
2 0.5866208605550931 0.5060066102209497 0.04345339707815512 0.04956146893159378
2 0.7019701144357225 0.38529794115896787 0.041873273548040185 0.05275898305621283
2 0.628889164985662 0.5587655932771625 0.04582358237332698 0.043166440682355894
2 0.6506158429871524 0.6043300440101017 0.03871302648781075 0.044765197744665385
2 0.5957065503156654 0.6554903596774913 0.03950308825286825 0.04956146893159378
2 0.6166431793880901 0.698656441665902 0.03713290295769603 0.05116022599390334
2 0.6190133800864529 0.7470191297559202 0.037132902957696105 0.04716333333812955
2 0.6589115030726476 0.7354282307276624 0.042663348149089605 0.04476519774466551
2 0.6612816819498235 0.7825915281963975 0.04108321178298311 0.04796271186928422
2 0.6834034152222273 0.8373489755151948 0.039503090820066575 0.050360847462748666
2 0.7292269886103601 0.824958446870021 0.047403705903441846 0.049561468931593994
2 0.7592493562201272 0.7757968644856743 0.04424345884321241 0.05036084746274852
2 0.80230771214696 0.7398247947143166 0.03871302648781068 0.050360847462748666
2 0.7695201540314761 0.7214391423018491 0.036342841192638815 0.04876209040043902
2 0.8275896886287952 0.6958590651742924 0.04187327354804026 0.055157046910887984
2 0.7916418808858839 0.6682803982412702 0.037922964722753534 0.04956146893159385
2 0.6745579849918516 0.6801384282305805 0.03880657051388399 0.04956146893159403
2 0.6907656032091222 0.6366898776497523 0.038692059689901685 0.0467534925505533
2 0.6931357962058897 0.5519538522694399 0.038692059689901685 0.0467534925505533
2 0.6718040592349834 0.51997799363536 0.038692059689901685 0.0467534925505533
2 0.874850592624719 0.6350910847180479 0.038692059689901685 0.0467534925505533
2 0.7444899778025151 0.5391635088158079 0.038692059689901685 0.0467534925505533
2 0.8045348670539545 0.48000817034275994 0.038692059689901685 0.0467534925505533
2 0.7061805554101251 0.595983256451699 0.03869205968990165 0.04675349255055337
2 0.7207880478348418 0.6774590974082038 0.038692059689901685 0.0467534925505533
2 0.813629304596911 0.5807947236005113 0.03869205968990165 0.04675349255055337
2 0.8531325212097001 0.5887886882590311 0.03869205968990165 0.04675349255055337
2 0.7251420993842637 0.6367524762101511 0.03869205968990165 0.04675349255055337
2 0.752794351013216 0.675922903036899 0.03869205968990165 0.04675349255055337
2 0.8254802695807478 0.6303573044833349 0.03869205968990165 0.04675349255055337
2 0.7733360236518664 0.6247615292223709 0.03869205968990165 0.04675349255055337
2 0.7661005376967868 0.5794530573842289 0.043182631753881144 0.042471367186285136
2 0.897751073630698 0.5662146130151848 0.038692059689901616 0.04675349255055359
2 0.8104690472678883 0.4305081880203353 0.03869205968990165 0.04675349255055337
2 0.756744672674495 0.4952593017543472 0.03869205968990165 0.04675349255055337
2 0.8420716205581195 0.4544900819958952 0.03869205968990165 0.04675349255055337
2 0.792827512645137 0.3381335496736999 0.041873273548040185 0.05275898305621283
2 0.7059204360970013 0.5120022809965099 0.04187327354804018 0.042366829000136844
2 0.6229636812101444 0.44365388316616383 0.038713016219017085 0.04636381132939699
2 0.6760397183381225 0.4014359275760841 0.036988500608712366 0.04531236260121287
2 0.6711576054777469 0.4704336647722057 0.03871301621901706 0.04716320779524883
2 0.7569643854862919 0.47617191013775817 0.03871301621901689 0.04636381132939715
2 0.6269140028714233 0.4948152569806918 0.041873273548040185 0.05275898305621283
2 0.7391031380517441 0.4164744033271958 0.03871301621901706 0.04476501839769291
2 0.7438435240452788 0.3693100118419277 0.03871301621901706 0.04476501839769291
2 0.6924893424486531 0.4308635397125318 0.03871301621901706 0.04476501839769291
2 0.8700988220017453 0.4878737593616887 0.038692059689901616 0.04675349255055359
2 0.9073030305683768 0.5246340378066012 0.03869205968990161 0.04675349255055362
2 0.7697606518052613 0.5518254766298486 0.038692059689901616 0.04675349255055359
2 0.8254802695807478 0.5160436098664991 0.03869205968990165 0.04675349255055337
2 0.8979050573589802 0.43326267964904264 0.04661364413838442 0.0415676836200464
2 0.9500493032878619 0.4164753538661507 0.04661364413838442 0.0415676836200464
2 0.9579499466104194 0.3701103588467347 0.04661364413838442 0.0415676836200464
2 0.8544515190849125 0.41008018213933484 0.03871300081582664 0.04956164827856621
2 0.8327247499478787 0.3661133765174748 0.041083193812593996 0.0415676836200464
2 0.9180516978315029 0.38409979699914487 0.034762679154547504 0.04876225181271423
2 0.9220020194927815 0.3369354055138768 0.04108319381259354 0.04716345888101027
2 0.9350380809750021 0.23501235611774682 0.04661364413838442 0.0415676836200464
2 0.9389884026362807 0.4564451771587505 0.04661364413838442 0.0415676836200464
2 0.8437856505994594 0.3193486832651328 0.04108319381259354 0.04716345888101027
2 0.9646654934345936 0.3169504938675768 0.04108319381259354 0.04716345888101027
2 0.8848689958767602 0.3073577362773528 0.04108319381259354 0.04716345888101027
2 0.9686158150958727 0.26738791298475284 0.04108319381259354 0.04716345888101027
2 0.8074426913156937 0.29776497868712876 0.04108319381259354 0.04716345888101027
2 0.8516862939220173 0.27298368824571684 0.04108319381259354 0.04716345888101027
2 0.8801286098832254 0.2042355921824449 0.04108319381259354 0.04716345888101027
2 0.9212119551605258 0.19304404166051692 0.04108319381259354 0.04716345888101027
2 0.8761782882219465 0.3665130747504008 0.04108319381259354 0.04716345888101027
2 0.966640654265233 0.1982401186885548 0.04661364413838442 0.0415676836200464
2 0.9453089172943271 0.1550727095325469 0.04661364413838442 0.0415676836200464
2 0.80625759481731 0.2533984748323428 0.04661364413838442 0.0415676836200464
2 0.9326678879782346 0.2853743334664227 0.04661364413838442 0.0415676836200464
2 0.8994851860234919 0.14707874487402686 0.04661364413838442 0.0415676836200464
2 0.8426005541010759 0.2310153737884868 0.04661364413838442 0.0415676836200464
2 0.8536614547526569 0.1590696918618069 0.04661364413838442 0.0415676836200464
2 0.8975100251928526 0.2513999836677129 0.04108319381259354 0.04716345888101027
2 0.915288409114556 0.03758419977639583 0.039441854834459694 0.04455517457682998
2 0.8697557492808268 0.023506752902382216 0.040023997708674486 0.047013505804764794
2 0.8826055824659153 0.07272731811899721 0.04044160544666614 0.04769210813046473
