0 0.145061292903848 0.016515005829207226 0.05219778740473192 0.03067072511138485
0 0.3817721892741439 0.03715876311571625 0.05705339553540469 0.043646801120047665
0 0.4242587604175304 0.021823400560023836 0.04734217927405915 0.038928228025988464
0 0.20514944352092315 0.027131795290840442 0.058267297568072855 0.03538929820544405
0 0.11107205574681966 0.05013488115604755 0.05705339553540468 0.046006087667077276
0 0.1663045389601795 0.053673726913255 0.050983885372063734 0.04128751457301807
0 0.19301041331540034 0.08965256304169415 0.055839493502736384 0.044826381346059915
0 0.23003412400714723 0.12268290044553916 0.04976987467215123 0.04246707378319545
0 0.14324043985484575 0.122093078808782 0.04855608130672739 0.05072466076113647
0 0.1905825302193411 0.15276380392016684 0.05583949350273649 0.04364680112004768
0 0.23428297375887439 0.1704584320070546 0.04855608130672739 0.053083947308166055
0 0.148096047985518 0.18166509564503064 0.053411689437399955 0.042467220894035984
0 0.09832606464612292 0.18874292376236831 0.05341168943740012 0.04482644439356246
0 0.08558006366658567 0.2365184973555519 0.04976998333939555 0.0436468011200477
0 0.09893301566245702 0.28488385055382465 0.0619090036660774 0.04600608766707726
0 0.13595700790115572 0.22826080529844006 0.0485561010644082 0.04600608766707718
0 0.1905825005828197 0.20053927243417932 0.05341168943740012 0.04718573094059206
0 0.2373178375077895 0.24418601050672437 0.059481199600741025 0.04482644439356246
0 0.30104770410170967 0.2642400932673156 0.05341168943740009 0.03774858475247367
0 0.2622028390563277 0.2937311120576829 0.05098388537206372 0.044826444393562426
0 0.1851200007088555 0.25362330380568243 0.05705339553540465 0.04954501748762169
0 0.1693393335572117 0.2996293914727597 0.054625591470068305 0.04246715784653286
0 0.14688217558937156 0.33206956047858244 0.06069510163340921 0.0412875145730181
0 0.2191092872600859 0.31437491137586027 0.04734217927405918 0.04600608766707723
0 0.3040823949709168 0.3143748062966881 0.04734218915290059 0.04600608766707701
0 0.3538523437343714 0.338557619498748 0.057053395535404616 0.04718573094059213
0 0.41818927001187023 0.34268630790854715 0.05219778740473188 0.05072466076113649
0 0.5153014128676442 0.3161443973019669 0.04976998333939555 0.054263590581680815
0 0.4740287437569259 0.3468151224133517 0.04734217927405915 0.04010787129950323
0 0.30590331223238243 0.36038102005877193 0.05583949350273649 0.0436468011200477
0 0.25370550506996953 0.3727673795098485 0.05826729756807285 0.044826444393562564
0 0.20211462916621004 0.35743191187498496 0.05948119960074106 0.04718573094059209
0 0.14384739087117981 0.37866549079825146 0.059481199600741025 0.04718573094059202
0 0.1930102750116349 0.4099260165305594 0.05098388537206372 0.048365374214106825
0 0.15720031323052958 0.45062380403807395 0.054625591470068215 0.04718587805143208
0 0.3848069443558144 0.3928212100804291 0.05341168943740009 0.04954501748762162
0 0.4351838194385013 0.38456356005498576 0.04976998333939555 0.04246715784653283
0 0.5286542561962694 0.41110584894658225 0.054625591470068284 0.04364692721505317
0 0.4800981847683838 0.39695002458523343 0.04976998333939555 0.03892822802598843
0 0.4388255848095486 0.4341087246534471 0.04734217927405922 0.04718573094059209
0 0.3235049213425923 0.3998988805790097 0.054625591470068284 0.04718573094059202
0 0.27009320226867095 0.4199530053712695 0.049769983339395585 0.04246715784653297
0 0.228213577202198 0.44295571295145947 0.04612824760486954 0.043646801120047554
0 0.32836048995790335 0.44556761941637446 0.05219778740473188 0.0401078712995033
0 0.38177215963762223 0.4408490673381494 0.049770022854757505 0.04482644439356245
0 0.3647775311802681 0.48331609908967677 0.04976998333939555 0.044826444393562426
0 0.48798857761724806 0.45382516436264636 0.050983885372063685 0.044826444393562564
0 0.48313300900193723 0.5110378631281144 0.048556081306727276 0.04600608766707723
0 0.2646305048178981 0.4738791000123982 0.050983885372063754 0.044826444393562495
0 0.21121892404774273 0.489804284204848 0.05341168943740012 0.0460060876670773
0 0.17176710798602676 0.5246037187418661 0.05705339553540465 0.04010787129950316
0 0.18997566811257072 0.5664810129199732 0.054625591470068284 0.0436468011200477
0 0.31561452849372784 0.49806178711945165 0.05098388537206372 0.043646801120047624
0 0.4169753383426807 0.4833161621371796 0.04976998333939555 0.04718573094059209
0 0.6901033055718625 0.5269630473205642 0.05705339553540469 0.054263590581680815
0 0.26402363283228747 0.5228342328157598 0.06433680773141376 0.048365374214106825
0 0.24460122994611772 0.5800469525970618 0.05462559147006825 0.05190430403465129
0 0.22882053315795267 0.6295920121163519 0.049769983339395515 0.044826444393562426
0 0.2870878010895043 0.6384393576835472 0.05462559147006836 0.05308394730816602
0 0.3435342653662557 0.532860969466459 0.05098388537206379 0.04954501748762162
0 0.29922678190082436 0.5588130584362819 0.05219778740473199 0.04718573094059224
0 0.4042293867573457 0.5293223338675938 0.04855610106440818 0.04246715784653281
0 0.3750956194272243 0.5700196905505066 0.05341168943740009 0.04128751457301817
0 0.33018131337038426 0.5912532064262704 0.06312290569874555 0.05072466076113649
0 0.44914368293534507 0.5493762485015111 0.046128277241390944 0.049545017487621766
0 0.4436811929402213 0.6012805735519967 0.05219778740473188 0.04718573094059202
0 0.3933042289479703 0.6136667018288968 0.04855608130672735 0.05308394730816602
0 0.3453551282940983 0.6343104380995715 0.05219778740473199 0.044826444393562495
0 0.3435342851239364 0.6785470398405424 0.05341168943740012 0.048365374214106964
0 0.3137936754447256 0.7192449009034769 0.04734217927405918 0.05190430403465129
0 0.3647775114225872 0.7263226344495602 0.05705339553540469 0.05190430403465143
0 0.4879884887076843 0.5670709396359016 0.05583949350273642 0.04482644439356264
0 0.5559670815678259 0.621334488185914 0.04855608130672735 0.054263590581680884
0 0.6008815160495916 0.6089483809248484 0.04127266911071828 0.048365374214106825
0 0.7125604437820218 0.6042296607199495 0.050983885372063754 0.05072466076113656
0 0.7720416927769651 0.6107177197401152 0.04612827724139109 0.054263590581680815
0 0.6725017260981742 0.6390291583044706 0.05583949350273642 0.05190430403465122
0 0.6190900564184546 0.652594908839051 0.04855608130672735 0.048365374214106964
0 0.5086250010821712 0.60069045769356 0.04612827724139116 0.04600608766707723
0 0.5110527557533056 0.6525950559498906 0.03884486504538174 0.048365374214106895
0 0.5535392281082872 0.6755980787675948 0.04370043366069314 0.05426359058168084
0 0.4643175373744209 0.6402086544671455 0.05705339553540469 0.044826444393562495
0 0.4060502299275076 0.656133817643761 0.054625591470068284 0.048365374214106825
0 0.45096446683246405 0.6838554450792758 0.05219778740473185 0.04954491240844977
0 0.41697534822152127 0.706268824894814 0.05219778740473188 0.044826444393562356
0 0.5098388537206372 0.7003706085272401 0.050983885372063685 0.047185730940591954
0 0.4709940084329361 0.7280920152964956 0.04370047317605461 0.055443233855195756
0 0.4248656817973431 0.7516849227984599 0.05583949350273642 0.0554432338551956
0 0.4176279350222521 0.7973476388516886 0.04855608130672699 0.05544323385519517
0 0.4746357145309408 0.8024096676229333 0.05341168943740009 0.05072466076113642
0 0.4424672513921914 0.8478260387324243 0.054625591470068284 0.04718573094059181
0 0.4867273017241973 0.8838817301747768 0.05583949350273588 0.04954501748762094
0 0.5399827566763021 0.8856628238509687 0.04616859471014081 0.05898216367573991
0 0.5116595882235544 0.7558138213666016 0.05705339553540476 0.05426359058168103
0 0.5492907883284375 0.836030047329795 0.04976998333939549 0.05426375870835534
0 0.5614296308359925 0.7682000337068382 0.05219778740473203 0.055443233855195756
0 0.5517183454227639 0.7204244180819862 0.057053395535404554 0.044826444393562495
0 0.5948119169766868 0.6897538400814411 0.05583949350273649 0.04718573094059209
0 0.6542932252446724 0.7062687408314773 0.046128277241390944 0.054263590581680884
0 0.7095257380945535 0.6956520354331809 0.04491437520872268 0.05190430403465129
0 0.7677930652991475 0.6632119084590267 0.05219778740473188 0.048365374214106895
0 0.8831137386449441 0.6242835753538665 0.04005876707805015 0.055443233855195756
0 0.9237794468604881 0.6390291583044704 0.036417060980045476 0.047185730940591954
0 0.9735494301998837 0.6555441641336777 0.046128277241390944 0.04954501748762155
0 0.8430549320515319 0.6543645418759968 0.04248657114338655 0.05190430403465129
0 0.8922179347380725 0.6785472079672163 0.05826729756807296 0.043646801120047624
0 0.7526192108600722 0.7074484681683287 0.04612827724139109 0.049545017487621835
0 0.8042099188235438 0.7009604196560799 0.05462559147006826 0.05308388426066291
0 0.8533730598138505 0.7062686987998086 0.05098388537206361 0.05190430403465129
0 0.6184830856444399 0.7528647341986487 0.04734217927405915 0.05780252040222535
0 0.6561139498687493 0.7799965294894892 0.04005876707805015 0.0554432338551956
0 0.5963987036368995 0.8288931146364105 0.05341168943739973 0.05072466076113642
0 0.5948119564920485 0.8608020937252533 0.04855608130672735 0.05898216367573995
0 0.654900146624485 0.9457363253549818 0.04976998333939562 0.05662287712871034
0 0.705277041464853 0.9427872171711951 0.04855608130672749 0.05780252040222535
0 0.7398733086689389 0.8932422627310759 0.04734217927405922 0.05072466076113671
0 0.7447288970419309 0.8218738656992648 0.05219778740473203 0.049545017487621835
0 0.7246994838663845 0.77527795639543 0.050983885372063754 0.04600608766707723
0 0.7781111980008846 0.7894337387251099 0.0485560714278868 0.04364671705671122
0 0.8600495901454085 0.7564036640191932 0.04491437520872268 0.043646801120047624
0 0.9395601140121315 0.7080382898050863 0.04612827724139109 0.05072466076113656
0 0.9183168877134813 0.7658408102073117 0.042486571143386415 0.05308394730816616
0 0.9717285672720408 0.7552238526190042 0.04734217927405922 0.048365374214106825
0 0.981312155952935 0.7086281114418438 0.037375688094129916 0.05190430403465129
0 0.8078518323771976 0.7457867274467205 0.04248657114338627 0.04600608766707737
0 0.6955657955669864 0.7469664968152404 0.046128277241390944 0.055443233855195756
0 0.6998145218332081 0.8130265621637379 0.044914375208722816 0.05072466076113642
0 0.645795772712229 0.8354395847100929 0.04370047317605498 0.05308405238733747
0 0.6774168435130514 0.8881070857314051 0.0558394935027362 0.04246715784653279
0 0.6312288890471683 0.8961913078673602 0.05583949350273656 0.047185730940591954
0 0.8521592269330651 0.8018199510653471 0.04370047317605469 0.04954501748762155
0 0.8891831401410406 0.8407481580755015 0.04005876707805001 0.05190430403465143
0 0.9340975548651252 0.8100771177266032 0.042486571143386415 0.054263590581680746
0 0.8114933606560746 0.8171552715893712 0.04976998333939562 0.054263590581680884
0 0.7805389082172374 0.8572632794917965 0.041272669110719036 0.05190445114549178
0 0.8400201868487025 0.8525441704939647 0.04855608130672735 0.05426359058168103
0 0.7920710368006283 0.9068080132656564 0.04976998333939562 0.05190430403465129
0 0.8509453249003971 0.9085776463026026 0.05583949350273642 0.04836537421410668
0 0.9025361316522733 0.8879337419052539 0.05219778740473188 0.049545017487621835
0 0.9474505463763581 0.8613917892670047 0.044914375208722816 0.05544323385519548
0 0.9777980873142224 0.8195145791522351 0.04005876707804987 0.054263590581680884
0 0.8023891941994674 0.9640208591419644 0.04855608130672749 0.057802520402225215
0 0.8843375311685913 0.9764071345297038 0.052217588144369956 0.04718573094059224
0 0.9116404067761249 0.9333500709830767 0.05098388537206361 0.04836537421410668
0 0.9632312629222042 0.9209639006745082 0.04005876707805015 0.049545017487621835
0 0.9468534759721585 0.9681493584092544 0.05828709830771091 0.04246732597320495
