0 0.4714369772088456 0.19948186528497408 0.06876714416336491 0.05699481865284973
0 0.5829925666294151 0.13730569948186527 0.06571082664499307 0.06735751295336788
0 0.635713944331016 0.11917098445595854 0.05807003284906365 0.06563039723661486
0 0.7243472767266877 0.1088082593861575 0.05195739781232007 0.06908462867012088
0 0.7778327586804593 0.10535399718336855 0.05195739781232007 0.06908462867012088
0 0.8336105533907443 0.13644211085420582 0.0565418740898778 0.06908462867012088
0 0.9000855091604862 0.0768566493955095 0.05195739781232007 0.06735751295336788
0 0.9642681770462934 0.046632124352331605 0.04890108029394838 0.05872193436960276
0 0.9512787778480576 0.09930895371295989 0.050429239053134144 0.06390331228914474
0 0.5608342646212199 0.21243526392990467 0.048901080293948324 0.06563045877518064
0 0.32167741880862877 0.27979274611398963 0.05042923905313415 0.07253886010362695
0 0.37439884003724133 0.2797927768832727 0.04890111760281532 0.06563039723661487
0 0.4469865925154841 0.25906646520374893 0.06571093857159395 0.062176165803108786
0 0.5356196450946522 0.2703390924364609 0.059598191608249446 0.05708578418207558
0 0.6196683768498764 0.20811744386873918 0.06265450912662132 0.06390328151986185
0 0.7274035693724812 0.189119170984456 0.055013715330691895 0.07081174438687395
0 0.6769743303193471 0.21416234887737481 0.04890108029394838 0.06563039723661486
0 0.7793608987852116 0.2245250277932514 0.05807004528535289 0.055267795243945435
0 0.783181339210188 0.16234866198980377 0.05959819160824963 0.05872193436960276
0 0.8359028039658122 0.20725385524107978 0.0458447627755767 0.06563039723661486
0 0.9069621862679557 0.14507759713012228 0.050429239053134296 0.07253886010362695
0 0.9604477304031727 0.15803090346720414 0.050429239053134296 0.053540587219343704
0 0.8848039215686275 0.21243523316062177 0.04584476277557656 0.06908462867012091
0 0.9337049583355644 0.24179610803757443 0.055013802384714705 0.06908462867012088
0 0.6013304717396458 0.307426597582038 0.06571082664499307 0.06217616580310878
0 0.6456470260108803 0.2625213120229133 0.053485556571506054 0.06217616580310881
0 0.7090656829166846 0.272020525388262 0.05195741024860863 0.06735766679978222
0 0.7663715306776981 0.28411053540587217 0.065710826644993 0.060449050086355774
0 0.8465999525889802 0.30569948186528495 0.05807003284906372 0.062176165803108814
0 0.9100185162226166 0.3005181347150259 0.05348555657150598 0.06217616580310884
0 0.9622679500359953 0.30569935878815324 0.05712604558230891 0.06217628888024065
0 0.6731539209850936 0.32469766244171955 0.059598191608249494 0.06908475174725257
0 0.4890108029394827 0.3096420687601992 0.06112635036743536 0.05279073627249963
0 0.4370534051271631 0.348013816925734 0.04890108029394838 0.07426597582037996
0 0.362897477155825 0.3575811775147952 0.05348555657150598 0.0639032815198619
0 0.30945214873514176 0.3626943005181347 0.05042923905313419 0.06563039723661483
0 0.5425898384148563 0.3440141441720986 0.0643033400041714 0.05938099122876906
0 0.28818874940893796 0.4094629544431542 0.05724565634517674 0.06203984158229609
0 0.48580381527938904 0.37445474233220843 0.05881403049161989 0.057608424326417884
0 0.5944138015019726 0.41655322205255957 0.0533247209790688 0.06913010919170141
0 0.6473464289444305 0.39528241922434376 0.05881403049161989 0.06203984158229616
0 0.7041999343169519 0.393066694806897 0.05959821756484142 0.057608487484447315
0 0.7394883909026205 0.33235597840072567 0.059598217564841606 0.06558497538699865
0 0.8053601305803656 0.35274076619939015 0.04705122439329614 0.07267524299640407
0 0.859861151314615 0.3731252382079084 0.04940378561296086 0.0744478098987554
0 0.48109876942145147 0.44801628456929543 0.06508752707739283 0.06292612503347172
0 0.5269735153696522 0.4161097803263327 0.06273496585772798 0.05583585742406641
0 0.376496453174189 0.47460470915702857 0.04940378561296079 0.07356152644757963
0 0.3285743836798503 0.4626395983550255 0.051756346832625644 0.07090267609405274
0 0.42306888771235707 0.44535745000527577 0.052540533905847224 0.07178895954522829
0 0.37719401731939395 0.4085763709913387 0.056461526707999636 0.06026727467994474
0 0.2728971206264647 0.478592984687319 0.04861959853973918 0.07267524299640407
0 0.2438821989172656 0.5260090861671877 0.04548285024685285 0.06647125883817438
0 0.21251471598840155 0.5725390620909535 0.05332472097906873 0.06735754228934994
0 0.3109301745323643 0.5814019439712321 0.054108908052290336 0.06381240848464749
0 0.39758285888691647 0.5326561015244538 0.050187972686182365 0.0655849753869989
0 0.45090751604815843 0.5548134088569476 0.059598217564841606 0.06026727467994483
0 0.5101136911306507 0.5060676769367204 0.04626703732007442 0.06735754228935008
0 0.5693198151588815 0.49277359885366623 0.06430334000417126 0.06558497538699883
0 0.672440428051087 0.462196725051062 0.057245656345176886 0.07356152644757977
0 0.7594851421244236 0.41965522992118165 0.050972159759404 0.07356152644757963
0 0.7328228199255853 0.4737185046533895 0.05724565634517674 0.06647125883817438
0 0.8182992109067395 0.4187688201539474 0.061950778784506326 0.06115355813112039
0 0.8778974284715813 0.4489025680204712 0.04783541146651757 0.07178895954522836
0 0.8430011037132199 0.48612647296984873 0.05332472097906873 0.06469869193582305
0 0.7916368440354223 0.477263338457453 0.047835411466517715 0.06647125883817445
0 0.7387042485018782 0.5428486454241055 0.05018797268618246 0.07001651895893543
0 0.7904605378984593 0.54506432247303 0.05802984341839846 0.06203984158229623
0 0.8555480777394174 0.5437347394011933 0.06430334000417119 0.05938099122876906
0 0.3348478802656231 0.5348720627845099 0.0533247209790688 0.06115355813112032
0 0.3989909361689837 0.5808433731566365 0.06273496585772781 0.05672214087524224
0 0.4979587021507584 0.5760841643166414 0.05489309512551195 0.06735754228935008
0 0.597550511504163 0.5517113062512816 0.059598217564841606 0.06292612503347166
0 0.6222524298377741 0.48346746472124863 0.044698663173631206 0.0735615264475797
0 0.6645984105378697 0.5286679207312073 0.060382404638063186 0.06647125883817431
0 0.6751850891891458 0.6000138964459206 0.053324720979068735 0.07444793621481406
0 0.7414488777310219 0.609319809525236 0.0525405339058471 0.0700165189589359
0 0.7951656667195715 0.607990258032414 0.05489309512551202 0.07622037680110666
0 0.7116497753303844 0.6523043042751384 0.0541089080522903 0.06558497538699867
0 0.6144105527237754 0.623943518048649 0.058814030491619956 0.06735754228935001
0 0.6634222384183427 0.696618808413575 0.06430334000417126 0.06558497538699867
0 0.5528518483305317 0.6133081797925704 0.06116659171128483 0.056722140875242175
0 0.5003113271882499 0.6434417066059916 0.05489309512551195 0.06913010919170126
0 0.4493391929559767 0.6195120850032634 0.050187972686182435 0.06558497538699883
0 0.860645312860706 0.6066609591717089 0.0525405339058473 0.06824382574052577
0 0.5567728219873359 0.7201053040802224 0.05489309512551195 0.06469869193582312
0 0.5920612211369598 0.6784499345064446 0.06587171415061441 0.061153558131120465
0 0.6230366105292131 0.7440348625249215 0.06351915293094948 0.07001639264287704
0 0.6563646058136094 0.800756900768365 0.05959821756484164 0.05229080256690062
0 0.5489309512551199 0.7799294370345794 0.06116659171128475 0.0602672746799449
0 0.48305923710450555 0.7139013199219929 0.06116659171128482 0.0576084243264178
0 0.4262056902503953 0.7130150206813073 0.052540501996932394 0.06115355813112028
0 0.40777732274770967 0.65274771442235 0.050187972686182206 0.06469881825188259
0 0.3462186055909017 0.6398964464852304 0.05410890805229045 0.06735754228935008
0 0.2627026248567572 0.6026726994309258 0.05175634683262558 0.06735754228934994
0 0.22035658033883493 0.6403396987373694 0.04861959853973918 0.07001639264287704
0 0.2760338242468724 0.672245950348215 0.06273496585772793 0.05938099122876906
0 0.354844650632774 0.7143444616475808 0.07292939780960879 0.05140444016818833
0 0.17642656337680726 0.6978500627475068 0.050187972686182185 0.07001639264287693
0 0.4748252504994388 0.7697370352404914 0.0650874441142187 0.061153558131120306
0 0.5869640115428018 0.828674766322369 0.0666559395145329 0.0620400468458929
0 0.6195077750814986 0.8867263718481437 0.05332472097906873 0.07178895954522843
0 0.5685356280856599 0.8973619943153543 0.05489309512551195 0.06824382574052577
0 0.5271948926740039 0.810100580330471 0.06195077878450597 0.05606350718634885
0 0.511672084549567 0.8597114365356355 0.06430334000417097 0.06203984158229586
0 0.464022911089738 0.9596771587556696 0.05023039770729598 0.07267524299640395
0 0.4262056679141568 0.9348580716015452 0.061950778784506395 0.06469869193582298
0 0.4305187031986582 0.8732615138504025 0.05802984341839846 0.0584947077775935
0 0.4364001062478204 0.8183118925089901 0.06195077878450647 0.056722140875242105
0 0.41753111558953376 0.7503234969613807 0.061950778784506125 0.055896699505143574
0 0.38033073051247596 0.810778483173997 0.056461469271955236 0.06647125883817438
0 0.3226929614853403 0.7717820902698045 0.06979264951672243 0.052290723619363745
0 0.26819197904178715 0.7367738150008294 0.054893095125511986 0.06735754228935008
0 0.20663325550319553 0.7451933341024177 0.06195077878450642 0.055835857424066535
0 0.20467282611083756 0.8121078767717458 0.05489309512551199 0.06913010919170133
0 0.26270260571140924 0.7988135776355888 0.06430334000417119 0.054949573972890846
0 0.3160272245819548 0.8298335063214904 0.06587163756922275 0.05672209350672047
0 0.3982450032390363 0.8514854775509719 0.06508752707739253 0.06292612503347196
0 0.3226929487217749 0.8963048677914626 0.060382404638063186 0.06381240848464742
0 0.2745807683279752 0.8493867113128026 0.06608905771174443 0.05749519295738156
0 0.14938760873069268 0.727467838763485 0.052540565814760576 0.06824382574052582
0 0.1325566302961596 0.6602627372277368 0.056362661700729275 0.07077859641088814
0 0.08767525153446779 0.7233736523607788 0.0521876497228975 0.06252109349628455
0 0.052187649722897474 0.778227064579217 0.05010014373398158 0.05898216367573994
0 0.13031061553179119 0.8127982561811372 0.05427515571181298 0.0684193098638583
0 0.03131256435128027 0.8383886823859638 0.056362661700729275 0.07077859641088807
0 0.10280961049503887 0.8301313055663658 0.05323140271735545 0.06606002331682888
0 0.1743067500744776 0.864930845182555 0.0584501676896452 0.06488038004331415
0 0.10356117211011781 0.8929472457827345 0.063147056164706 0.05994947116002237
0 0.036625292575529475 0.9464736101767878 0.06314705616470599 0.05852210279906914
0 0.09977234874023544 0.9621747384347481 0.05556940942494127 0.05566736607716351
0 0.15535199682157808 0.9728800011418948 0.060641774566018165 0.054239997716210554
0 0.15849904930586312 0.9207809796796351 0.05683235054823539 0.067086312964787
0 0.2052276704482116 0.9664576826798679 0.04672870850470951 0.06423157624288109
0 0.2368013886721738 0.9172126096355718 0.06440999728800012 0.0656589446038339
0 0.25765027405906354 0.9757346488617423 0.05559004090661605 0.04853070227651471
0 0.30943091664270883 0.9586062412448872 0.04801236333307696 0.07422315476955134
0 0.37509346222872947 0.9457600277129492 0.047991762685176485 0.06851368132573966
0 0.45781605955383253 0.5032754162364158 0.059358201961049156 0.0685135541799426
0 0.9124748588007533 0.36410734433715947 0.05683235054823542 0.06708631296478679
0 0.9647622717046871 0.36910303188385685 0.055320039775998434 0.0713684180476455
0 0.9326820195527074 0.4468947601307471 0.04672882156188237 0.07565052313050423
0 0.9818120385367066 0.4426126550478884 0.03637592292658667 0.06423157624288095
0 0.9680443915607924 0.5246863358026806 0.04925474492016984 0.07422315476955134
0 0.9150008438265896 0.553233703021739 0.04925470380847059 0.0713684180476455
0 0.9699387826898836 0.5953408916657339 0.055569409424940944 0.06994104968669256
