1 0.955878 0.472795 0.0285645 0.0381799
1 0.624072 0.625473 0.0287862 0.0352949
1 0.236767 0.522825 0.0295245 0.0339307
1 0.689867 0.474774 0.0301852 0.0334228
1 0.105395 0.607337 0.0318783 0.0304064
1 0.58675 0.504839 0.0281628 0.0364373
1 0.1541 0.816121 0.0314571 0.035258
1 0.171339 0.533191 0.0299526 0.0397697
1 0.14881 0.456739 0.0283216 0.0369153
1 0.188199 0.856493 0.0298712 0.0396954
1 0.791626 0.102457 0.0273364 0.0374843
1 0.279789 0.603237 0.0349742 0.0377548
1 0.241457 0.381403 0.0313944 0.0324565
1 0.0229943 0.620669 0.0300195 0.0396376
1 0.301832 0.507706 0.0334236 0.032957
1 0.617111 0.384609 0.0295886 0.0404355
1 0.772643 0.550775 0.0306188 0.0392011
1 0.237577 0.437908 0.0297663 0.0368341
1 0.693356 0.579604 0.0277354 0.0418554
1 0.272155 0.314637 0.0333507 0.0351029
1 0.795751 0.733801 0.0262778 0.0361504
1 0.65808 0.142864 0.027688 0.0409037
1 0.285637 0.127783 0.0293007 0.0385378
1 0.0284524 0.542263 0.0326058 0.0342141
1 0.113555 0.715998 0.0328421 0.0338802
1 0.0399809 0.467264 0.0307038 0.0381513
1 0.267138 0.533696 0.0308834 0.0374603
1 0.602204 0.651124 0.0277045 0.0377788
1 0.680032 0.284919 0.0266697 0.032973
1 0.312269 0.408016 0.0251769 0.0369918
1 0.259926 0.499723 0.0283314 0.0329704
1 0.391152 0.0609234 0.0327409 0.0385096
1 0.352038 0.530524 0.0300748 0.0370657
1 0.813319 0.298597 0.0290779 0.0384526
1 0.0320479 0.327499 0.0304487 0.0375276
1 0.600354 0.429038 0.026851 0.0334187
1 0.84065 0.169781 0.0284172 0.0367409
1 0.404927 0.662997 0.0176136 0.0298815
1 0.713535 0.34019 0.0292048 0.0373566
1 0.688784 0.228784 0.0279111 0.0385993
1 0.922492 0.304737 0.0253476 0.0283992
1 0.628028 0.418602 0.027208 0.0338738
1 0.756173 0.200816 0.0272593 0.0321909
1 0.585716 0.717048 0.0262205 0.0389085
1 0.344761 0.809409 0.0276604 0.0375918
1 0.287547 0.41215 0.0257783 0.0352214
1 0.723239 0.503176 0.029572 0.031312
1 0.294918 0.448232 0.0298119 0.0367357
1 0.599907 0.811088 0.0311201 0.0362978
1 0.375696 0.108947 0.0329176 0.0371757
1 0.120295 0.426421 0.0264175 0.0356913
1 0.642742 0.603193 0.0264872 0.0343863
1 0.89301 0.0880864 0.0263744 0.0332009
1 0.22183 0.49188 0.0278791 0.036953
1 0.480012 0.0900352 0.0312748 0.0407274
1 0.716294 0.0134894 0.0240583 0.0269788
1 0.094993 0.381392 0.0305203 0.0348187
1 0.806689 0.573758 0.0295289 0.0305555
1 0.0561355 0.280712 0.0301953 0.0390811
1 0.0806459 0.631162 0.0269468 0.0407952
1 0.98001 0.379555 0.0288057 0.0294321
1 0.901344 0.233127 0.0287233 0.0309368
1 0.848855 0.421666 0.0318861 0.0292059
1 0.864667 0.56779 0.0267411 0.0359151
1 0.67689 0.64067 0.0275749 0.0318881
1 0.795452 0.632537 0.0239581 0.0322616
1 0.171631 0.723108 0.0269373 0.0335494
1 0.667128 0.249298 0.0293262 0.0333109
1 0.8953 0.118487 0.0302686 0.0267463
1 0.781156 0.781748 0.030908 0.0364868
1 0.655285 0.19186 0.0297549 0.0358215
1 0.148481 0.6236 0.0317269 0.0362053
1 0.299535 0.801804 0.0290773 0.0334135
1 0.332471 0.655147 0.0251863 0.0376108
1 0.147876 0.583689 0.028494 0.0363244
1 0.703662 0.272915 0.0259921 0.0369324
1 0.74473 0.777478 0.0266164 0.0391851
1 0.0247999 0.507625 0.0339799 0.0345593
1 0.152188 0.848918 0.0322932 0.0308641
1 0.201844 0.522519 0.0311568 0.0394545
1 0.772505 0.136249 0.0271372 0.0386269
1 0.837108 0.376605 0.027727 0.028924
1 0.673806 0.373624 0.0262573 0.0347443
1 0.627711 0.662018 0.0263049 0.0372712
1 0.315667 0.687652 0.0287041 0.0348884
1 0.312299 0.575179 0.0315171 0.0325163
1 0.0858543 0.729949 0.0227707 0.0369982
1 0.64753 0.558483 0.0232183 0.0342645
1 0.687638 0.713158 0.0321208 0.0353262
1 0.801829 0.694976 0.0253507 0.0328615
1 0.217445 0.28661 0.0320995 0.0341769
1 0.905164 0.380542 0.0242917 0.0356116
1 0.0608097 0.729595 0.0268919 0.0378067
1 0.152967 0.663066 0.0272398 0.0398562
1 0.404438 0.2247 0.0263792 0.0339653
1 0.127752 0.687732 0.0321244 0.0343536
1 0.978608 0.0427797 0.0300468 0.0375856
1 0.837763 0.525347 0.0291646 0.0330066
1 0.800735 0.260333 0.0267478 0.0402176
1 0.200085 0.461188 0.0268529 0.0367498
1 0.601862 0.471972 0.0278093 0.0392753
1 0.2703 0.3639 0.0316851 0.0346547
1 0.0606261 0.337653 0.0289373 0.0331893
1 0.0515207 0.565645 0.0291117 0.0397557
1 0.22617 0.711677 0.0340522 0.0328383
1 0.130419 0.550982 0.0326666 0.0377562
1 0.631588 0.693716 0.0277936 0.0338181
1 0.855894 0.454435 0.0260097 0.0349802
1 0.838856 0.4826 0.0241119 0.0381294
1 0.242001 0.22783 0.0305627 0.0336424
1 0.786854 0.353916 0.0274981 0.0313001
1 0.776587 0.270338 0.0256256 0.0373244
1 0.549333 0.592132 0.0329135 0.0312123
1 0.258514 0.411867 0.0293138 0.0371997
1 0.768394 0.0611923 0.0294099 0.0349434
1 0.286316 0.274316 0.0315187 0.0358708
1 0.222686 0.192893 0.0319382 0.0346741
1 0.579727 0.451439 0.0300126 0.0282382
1 0.943417 0.669266 0.033623 0.0338094
1 0.60405 0.689189 0.0299605 0.0365743
1 0.110833 0.57677 0.0347846 0.0332269
1 0.712683 0.129748 0.0277996 0.0331871
1 0.19229 0.0936623 0.0300373 0.0356424
1 0.878496 0.426555 0.0268102 0.0302502
1 0.897022 0.591127 0.0256356 0.031495
1 0.60082 0.356392 0.0278849 0.0361849
1 0.124368 0.810536 0.0295508 0.0309822
1 0.697009 0.385624 0.0248843 0.0335818
1 0.574054 0.548381 0.031976 0.035433
1 0.438279 0.0213865 0.0266147 0.0361008
1 0.561516 0.719357 0.0216441 0.0348022
1 0.176285 0.214695 0.0325491 0.0357159
1 0.0717585 0.593268 0.0288855 0.038768
1 0.666241 0.105822 0.0291214 0.0397919
1 0.342381 0.237689 0.0327608 0.035956
1 0.773068 0.396 0.0326407 0.0373671
0 0.698705 0.0535397 0.0304035 0.0331477
1 0.930754 0.224484 0.0299353 0.0336543
1 0.387314 0.895661 0.0263123 0.0386979
1 0.533939 0.76591 0.0273689 0.0268484
1 0.92212 0.706825 0.0272705 0.0325263
1 0.862976 0.274255 0.0298804 0.0304849
1 0.953823 0.304048 0.0367647 0.0235287
1 0.864351 0.106026 0.0304673 0.0367161
1 0.804973 0.0375675 0.0254972 0.0394029
1 0.653308 0.272565 0.0283984 0.0346132
1 0.447846 0.512758 0.0210321 0.0366239
1 0.68502 0.507893 0.0231955 0.0306639
1 0.836194 0.233625 0.0275282 0.0329828
1 0.590542 0.771323 0.0293223 0.0422389
1 0.0611132 0.659367 0.0291783 0.0359616
1 0.871655 0.172579 0.0333143 0.0322781
1 0.92547 0.593698 0.0302691 0.033279
1 0.132051 0.494799 0.0309297 0.029935
1 0.0792632 0.692865 0.0233923 0.0398582
1 0.228794 0.608062 0.0294951 0.040054
1 0.370766 0.016443 0.0347744 0.0328859
1 0.0298617 0.670605 0.0358635 0.0335518
1 0.628357 0.756631 0.0304286 0.0311048
1 0.623799 0.907409 0.0272319 0.0375483
1 0.475836 0.0209695 0.0304899 0.0364157
1 0.259778 0.574812 0.0327067 0.0358683
1 0.956508 0.327842 0.0293307 0.0223031
1 0.529486 0.629329 0.03573 0.0278977
1 0.257114 0.634152 0.0321786 0.0361264
1 0.684966 0.754075 0.0240719 0.0358337
1 0.645979 0.503268 0.0329132 0.0320509
1 0.726753 0.262672 0.0267806 0.0350315
1 0.685412 0.141382 0.0266559 0.0391249
1 0.785098 0.206517 0.0287048 0.0411679
1 0.110939 0.654428 0.0327583 0.0371222
1 0.586947 0.618634 0.0344741 0.0353376
1 0.694688 0.310419 0.0287808 0.0342807
1 0.944271 0.258066 0.0297376 0.0327262
1 0.720516 0.709344 0.0305776 0.0289941
1 0.0572072 0.435407 0.0353353 0.036642
1 0.714704 0.560433 0.0248259 0.0194444
1 0.425152 0.501056 0.026981 0.0393127
1 0.0631463 0.528662 0.0309969 0.0339098
1 0.291964 0.548422 0.0276894 0.0340635
1 0.777213 0.705806 0.0271659 0.0297153
1 0.875933 0.611103 0.0245992 0.0368857
1 0.917334 0.0978223 0.0250879 0.0333335
1 0.894555 0.202583 0.0274002 0.0316153
1 0.657946 0.309892 0.0318672 0.0376018
1 0.172704 0.397511 0.0326096 0.0332699
1 0.637639 0.836663 0.0317897 0.0393605
1 0.307034 0.168501 0.0300065 0.0337784
1 0.6614 0.583191 0.0218046 0.0322076
1 0.728641 0.0443504 0.0238887 0.0376997
1 0.646969 0.915513 0.0203157 0.0337714
1 0.775112 0.853982 0.0321207 0.0376198
1 0.810882 0.372729 0.0250481 0.0345637
1 0.229885 0.565635 0.0261639 0.0324525
1 0.0471248 0.400983 0.0334483 0.0397901
1 0.896814 0.301304 0.0254286 0.0373666
1 0.256467 0.179536 0.03689 0.0445282
1 0.873176 0.310185 0.0245798 0.0391483
1 0.796777 0.322391 0.0279505 0.035344
1 0.726973 0.617064 0.0291091 0.0259033
1 0.898596 0.449195 0.0315552 0.0305707
1 0.952899 0.433355 0.0271262 0.0360326
1 0.124146 0.781639 0.0287965 0.0264479
1 0.976569 0.445703 0.0244678 0.0331889
1 0.577093 0.0392195 0.0320185 0.0436256
1 0.204695 0.817059 0.0323085 0.0317654
0 0.443046 0.554278 0.0354283 0.0236671
1 0.224561 0.35526 0.0337863 0.0312158
1 0.368035 0.791776 0.0255657 0.0340105
1 0.537778 0.719135 0.0247413 0.0299288
1 0.825127 0.446999 0.0308716 0.0337901
1 0.6409 0.979277 0.0227065 0.0311567
1 0.829606 0.138588 0.029543 0.0309147
1 0.749859 0.713349 0.0251053 0.0355767
1 0.770866 0.304338 0.0278453 0.0337116
1 0.357172 0.172757 0.0318073 0.0368268
1 0.824643 0.696872 0.0194725 0.0312436
1 0.946543 0.285083 0.0266133 0.0231555
0 0.672772 0.425032 0.0291936 0.0325561
1 0.754457 0.031962 0.0290024 0.0304024
1 0.944961 0.372405 0.0315194 0.0365542
1 0.509425 0.722764 0.0303238 0.0354319
1 0.250723 0.268886 0.0351959 0.0383949
1 0.294115 0.640291 0.0370409 0.0333435
1 0.183212 0.48841 0.0351106 0.0298351
1 0.606219 0.73567 0.0280347 0.0343314
1 0.317141 0.0749964 0.0326652 0.038296
1 0.841389 0.636313 0.0335518 0.0343266
1 0.408763 0.918239 0.0333158 0.0386681
1 0.371688 0.663083 0.0296538 0.0384808
1 0.0350853 0.365432 0.032918 0.0375533
1 0.826155 0.333624 0.0291545 0.0387582
1 0.348388 0.774852 0.0224494 0.0282934
1 0.905798 0.263967 0.0301743 0.0318369
1 0.836491 0.284892 0.0228419 0.0299981
1 0.624217 0.570745 0.0236445 0.0303083
1 0.344342 0.585353 0.0283595 0.0321758
1 0.866806 0.532251 0.0292387 0.0391798
1 0.694801 0.101651 0.0276231 0.0338907
1 0.804559 0.1789 0.0289685 0.0350851
1 0.0541339 0.62464 0.0305335 0.0336508
1 0.249612 0.469756 0.0322781 0.0317543
1 0.583705 0.584773 0.0328153 0.0336557
1 0.739404 0.122164 0.0297854 0.0386234
1 0.418961 0.543572 0.0222582 0.0311005
1 0.809926 0.483885 0.035607 0.0346707
1 0.86024 0.139663 0.030748 0.0331765
1 0.809527 0.223462 0.0256203 0.0368658
1 0.81649 0.545827 0.0327597 0.0303297
1 0.656673 0.0210805 0.0343056 0.0385028
1 0.572273 0.347341 0.0293042 0.0380949
1 0.654344 0.354609 0.0266184 0.0329309
1 0.738758 0.675586 0.0205836 0.039908
0 0.20163 0.572802 0.0333532 0.029469
1 0.832196 0.199811 0.0346777 0.0278952
1 0.795384 0.449322 0.0275773 0.0315576
1 0.826577 0.265261 0.0238279 0.0318697
1 0.752939 0.257956 0.0265605 0.0366142
1 0.704777 0.163406 0.0269893 0.0341674
1 0.253088 0.89683 0.0307712 0.0315484
1 0.648152 0.447062 0.0406014 0.044394
1 0.315962 0.821039 0.0236621 0.0204378
1 0.742422 0.0791269 0.0260578 0.0418552
1 0.842212 0.674979 0.0233675 0.0348048
1 0.685917 0.0217562 0.024652 0.0346259
1 0.818912 0.616711 0.0237652 0.0279852
1 0.800578 0.136927 0.0278508 0.0334646
1 0.150566 0.77303 0.0279155 0.0287714
1 0.927764 0.327093 0.0277098 0.0211807
1 0.777838 0.589763 0.0295524 0.0370683
1 0.748686 0.165172 0.0334973 0.0325813
1 0.924201 0.277216 0.0229808 0.0288859
1 0.479335 0.366488 0.0286976 0.0344993
1 0.89138 0.339396 0.0238014 0.0285944
1 0.836175 0.580069 0.0258337 0.0328771
1 0.769089 0.645345 0.0310113 0.0278176
1 0.779983 0.21846 0.0322829 0.0261594
1 0.708293 0.624998 0.0213753 0.0277986
1 0.921746 0.473033 0.027637 0.0361092
1 0.776226 0.6722 0.0384699 0.0423706
1 0.657965 0.527291 0.0304228 0.0270047
1 0.850443 0.316144 0.0229255 0.0318966
1 0.819127 0.65014 0.0299372 0.0228437
1 0.81549 0.671441 0.0267433 0.0223508
1 0.299013 0.192689 0.0307007 0.0294257
1 0.274636 0.236222 0.0330584 0.0322566
1 0.902732 0.490167 0.0306588 0.0346363
1 0.728731 0.733655 0.030339 0.0241184
1 0.723877 0.192959 0.0290303 0.0393492
1 0.463203 0.488013 0.0286985 0.0336366
1 0.71568 0.0757825 0.0262713 0.030182
1 0.896582 0.401674 0.0343101 0.025705
1 0.715138 0.531889 0.0220464 0.0301158
1 0.847883 0.608335 0.0307584 0.0310502
1 0.0564865 0.693736 0.023914 0.0337095
1 0.669271 0.611854 0.0265414 0.0295189
1 0.732732 0.546874 0.0216751 0.0318382
1 0.423487 0.642848 0.031255 0.0333157
1 0.641196 0.363592 0.0310763 0.0398733
1 0.105745 0.761602 0.0457845 0.0334021
1 0.883991 0.368856 0.0200025 0.0373565
1 0.439709 0.574697 0.028794 0.0190331
1 0.614996 0.781082 0.022921 0.0315608
1 0.119397 0.569343 0.0280358 0.0307744
1 0.691521 0.612141 0.0175818 0.025797
1 0.75969 0.00838693 0.0296869 0.0167739
1 0.60216 0.558499 0.0237953 0.0353858
1 0.812243 0.416604 0.0309837 0.042001
1 0.722849 0.66544 0.0205143 0.038669
1 0.492986 0.656486 0.0352933 0.0347584
1 0.69257 0.409341 0.0195307 0.020389
1 0.844526 0.346557 0.0232077 0.0339492
1 0.721548 0.598907 0.0363684 0.0335514
1 0.0754515 0.642476 0.0294868 0.0264158
1 0.254471 0.480316 0.0335335 0.0431247
1 0.151799 0.746073 0.0309009 0.028527
1 0.757803 0.251962 0.0197644 0.0252509
1 0.69263 0.194551 0.0338574 0.0316238
1 0.775434 0.653257 0.0371171 0.0213485
1 0.609888 0.646741 0.0182922 0.0346731
1 0.201226 0.238652 0.0278493 0.0366014
1 0.891526 0.145278 0.0337611 0.0289637
1 0.781256 0.0292369 0.0263091 0.0363401
1 0.685355 0.447898 0.0256215 0.0224618
1 0.926249 0.443636 0.0259016 0.0316242
1 0.909075 0.341062 0.0169321 0.0324735
1 0.874123 0.0249553 0.0324422 0.042563
1 0.696132 0.532109 0.0201833 0.0362429
1 0.694516 0.681059 0.0165161 0.0234174
1 0.840694 0.784804 0.031816 0.0266716
1 0.931097 0.397881 0.0337251 0.0216011
1 0.877141 0.468891 0.0242943 0.0293959
1 0.883355 0.504034 0.028862 0.0450092
1 0.771787 0.235637 0.0273423 0.0302344
1 0.667038 0.803602 0.028155 0.0364495
1 0.760596 0.619791 0.0250087 0.0241349
1 0.765062 0.0993161 0.0243833 0.036848
1 0.155772 0.73739 0.0327517 0.0221284
1 0.91469 0.547952 0.029686 0.0291475
1 0.677638 0.0701193 0.0220136 0.0358517
1 0.711048 0.675368 0.0165838 0.0304801
1 0.92477 0.351854 0.0196104 0.0228554
1 0.711709 0.687315 0.0202907 0.0265204
1 0.698808 0.650426 0.0239916 0.0197266
1 0.156591 0.712596 0.0278781 0.0392169
1 0.854616 0.241424 0.0239688 0.0350841
1 0.638447 0.440281 0.0257009 0.0324045
1 0.707418 0.744203 0.0221802 0.0330172
1 0.85597 0.705674 0.0296163 0.0299557
1 0.612919 0.593595 0.0255437 0.0294311
1 0.773273 0.737634 0.0248746 0.0314536
1 0.859129 0.227994 0.0188615 0.0165754
1 0.921152 0.519933 0.0328333 0.0301352
1 0.696309 0.427219 0.0166466 0.0213984
1 0.729805 0.00819229 0.0350176 0.0163846
1 0.674876 0.540986 0.0241379 0.0279357
1 0.514476 0.752017 0.0299284 0.0244355
1 0.349958 0.643405 0.0240581 0.0362035
1 0.892099 0.559235 0.0204982 0.0278269
1 0.852925 0.724199 0.0321871 0.0236087
