2 0.181401 0.61548 0.0532986 0.0480708
0 0.689819 0.555798 0.0507745 0.0477059
2 0.600194 0.92485 0.056788 0.0435436
2 0.7134 0.78148 0.0560609 0.0457962
2 0.556245 0.789905 0.0505909 0.0514994
2 0.738188 0.691284 0.0573893 0.0426163
2 0.18257 0.510062 0.0537529 0.0473617
2 0.206803 0.414345 0.0551677 0.0464448
2 0.3344 0.555449 0.047156 0.0520434
2 0.140763 0.150233 0.0521022 0.0503742
2 0.103053 0.304359 0.0545058 0.0460948
2 0.233574 0.77045 0.0553077 0.0478808
2 0.662384 0.307534 0.0536528 0.0475184
2 0.158636 0.0442616 0.0497265 0.0556003
2 0.295174 0.115296 0.0554286 0.0503943
2 0.0263427 0.399022 0.0526853 0.0425078
0 0.591849 0.405078 0.0552887 0.0544054
2 0.610053 0.876355 0.0548108 0.0472852
2 0.912685 0.784994 0.0551071 0.0479796
2 0.949979 0.747802 0.0560032 0.0458926
2 0.218375 0.858955 0.0520728 0.0483594
2 0.174462 0.0973733 0.050524 0.0497376
2 0.137283 0.812545 0.0516002 0.0509534
2 0.100946 0.0363657 0.0484237 0.0524603
2 0.111179 0.915159 0.060789 0.0459394
2 0.187973 0.821498 0.0505899 0.0529868
2 0.431847 0.155387 0.0438477 0.0528984
2 0.537349 0.923387 0.0528921 0.049116
2 0.661514 0.895011 0.0491092 0.0526298
2 0.148009 0.664981 0.05639 0.0462773
2 0.266827 0.823215 0.0560153 0.0506108
2 0.0444632 0.971417 0.0505413 0.0459429
2 0.760831 0.898977 0.0562395 0.0434973
2 0.25354 0.374367 0.0562003 0.0455065
2 0.897885 0.937625 0.0499568 0.0542172
2 0.171102 0.558518 0.057406 0.0456697
2 0.0420236 0.0407494 0.0511461 0.0562375
2 0.254009 0.0804261 0.0538174 0.0478027
2 0.483515 0.152387 0.0495154 0.0599663
2 0.803781 0.978361 0.0572778 0.0427623
2 0.231409 0.635175 0.0502458 0.0493518
2 0.31679 0.71349 0.0463154 0.0545033
2 0.639485 0.966595 0.0539083 0.043977
2 0.123167 0.431347 0.0556256 0.0455595
2 0.420377 0.667275 0.0550029 0.0482402
2 0.123989 0.086973 0.0458136 0.0531122
2 0.523051 0.679303 0.0507572 0.0535967
2 0.750539 0.807212 0.0572042 0.0471537
2 0.291445 0.595579 0.0470028 0.052223
2 0.390759 0.578322 0.0495772 0.0555578
2 0.0448897 0.725766 0.0481616 0.0509198
2 0.45517 0.5982 0.0540773 0.0504379
2 0.165452 0.312603 0.0573784 0.0460172
2 0.724387 0.64705 0.0517142 0.0423724
2 0.580542 0.485088 0.049076 0.0500208
2 0.0733762 0.859155 0.0554506 0.0472276
2 0.700562 0.605933 0.0523251 0.0483996
2 0.62672 0.442629 0.0499283 0.0504003
2 0.958037 0.808513 0.056838 0.0472136
2 0.757852 0.414665 0.0474592 0.0572205
2 0.467926 0.646477 0.0482251 0.0527386
2 0.13471 0.865954 0.0551747 0.0474907
2 0.644469 0.762389 0.0561464 0.045791
2 0.234393 0.509778 0.0493875 0.0527914
2 0.458626 0.80301 0.0540105 0.0441592
2 0.0204 0.86552 0.0407999 0.0521673
2 0.860444 0.536098 0.0468777 0.0530485
2 0.127477 0.719638 0.0535487 0.0526172
2 0.315518 0.479695 0.0561272 0.0454884
2 0.512462 0.832819 0.0533558 0.0516537
2 0.188778 0.955663 0.0536474 0.0475547
2 0.222493 0.458727 0.0526001 0.0488298
2 0.694924 0.959998 0.0510663 0.0545545
2 0.707302 0.901565 0.0456049 0.0514363
2 0.331325 0.151716 0.0553344 0.0448392
2 0.531256 0.734985 0.0510819 0.048522
2 0.345863 0.60723 0.0492937 0.0554619
2 0.0438627 0.443844 0.049511 0.0527101
2 0.807969 0.738513 0.0518296 0.045285
2 0.805099 0.459882 0.0447575 0.0535805
2 0.221048 0.185542 0.046293 0.0580957
2 0.268383 0.876536 0.0565574 0.0475034
2 0.144911 0.372568 0.0459447 0.0558512
2 0.0352947 0.3178 0.0531558 0.0447948
2 0.656792 0.490632 0.0570983 0.0475112
2 0.519826 0.262006 0.0480524 0.0543608
2 0.571093 0.855391 0.0509629 0.0474463
2 0.235068 0.980126 0.0572762 0.0396811
2 0.268233 0.547804 0.0559498 0.0482403
2 0.179696 0.90117 0.0469246 0.0551877
2 0.536342 0.185736 0.0561768 0.0476453
2 0.673279 0.656732 0.0498184 0.0528777
2 0.0726406 0.513622 0.045818 0.0472949
2 0.860985 0.763375 0.0515431 0.0512875
2 0.627158 0.280264 0.0511596 0.0467876
2 0.839361 0.607288 0.0555055 0.0457255
2 0.515509 0.599926 0.0515508 0.0557246
2 0.195167 0.35498 0.0524576 0.0512362
2 0.96521 0.978875 0.0587418 0.0417183
2 0.901421 0.638232 0.0566432 0.0430906
2 0.293314 0.279304 0.0496537 0.0529959
2 0.269643 0.939736 0.0526229 0.0509407
2 0.209494 0.0610946 0.0474586 0.0467011
2 0.231293 0.582397 0.0523413 0.0492633
2 0.315931 0.197571 0.0510628 0.0509624
2 0.240863 0.719881 0.0507004 0.0515353
2 0.442054 0.261774 0.0507382 0.0437535
2 0.882147 0.843101 0.0565383 0.0466914
2 0.0796975 0.686712 0.0537353 0.047599
2 0.0364075 0.549226 0.0534327 0.0439922
2 0.951785 0.940928 0.0557723 0.0449803
2 0.228232 0.911076 0.0532618 0.0487437
2 0.315911 0.915072 0.054297 0.0477109
2 0.385692 0.633842 0.0496098 0.0502624
2 0.431774 0.952934 0.0552013 0.0424767
2 0.124869 0.524177 0.0527027 0.0431381
2 0.359841 0.686871 0.0469957 0.0565216
2 0.709419 0.852291 0.0570636 0.0438596
2 0.840818 0.913278 0.0500046 0.0493407
2 0.412428 0.505832 0.0530991 0.0486824
2 0.695131 0.343656 0.047267 0.0523602
0 0.75347 0.555649 0.0543173 0.0508991
2 0.556403 0.630774 0.0474823 0.0504087
2 0.669365 0.428297 0.0445529 0.0537277
2 0.607292 0.613231 0.0522379 0.0463562
2 0.299797 0.648092 0.0494619 0.054987
2 0.0550838 0.646147 0.055859 0.0455533
2 0.579009 0.259221 0.0540918 0.0474121
2 0.821824 0.512766 0.0496929 0.049697
2 0.190494 0.7233 0.049297 0.0509297
2 0.836558 0.658942 0.046862 0.0509682
2 0.79986 0.694805 0.0480423 0.0510666
2 0.392172 0.403334 0.0488797 0.0505201
2 0.650245 0.374485 0.0496083 0.0523203
2 0.577565 0.304671 0.0511543 0.0466751
2 0.63854 0.818311 0.0547967 0.0436493
2 0.369691 0.449982 0.0522297 0.0493928
2 0.509797 0.333572 0.0463517 0.0525309
2 0.755331 0.464329 0.0521886 0.0377639
2 0.33233 0.251993 0.0471148 0.0518992
2 0.912617 0.879389 0.0494942 0.0523022
2 0.775156 0.847845 0.0505165 0.0500052
2 0.57619 0.722769 0.0468962 0.0530736
2 0.814237 0.873296 0.0557423 0.0465933
2 0.900849 0.725636 0.0506292 0.0477828
2 0.236879 0.286888 0.0530375 0.0489832
2 0.805522 0.786801 0.0569161 0.0446963
2 0.285547 0.98908 0.0480952 0.021839
2 0.1756 0.197357 0.0453795 0.0550496
2 0.639156 0.564878 0.0544268 0.0490499
2 0.37347 0.216156 0.0476394 0.0587455
2 0.0505003 0.907747 0.0558963 0.0491221
2 0.439295 0.100379 0.052666 0.0511757
2 0.248385 0.239678 0.0557641 0.0456113
2 0.855868 0.975371 0.0475231 0.0482766
2 0.491581 0.434577 0.0476026 0.0461918
2 0.480847 0.7613 0.0466424 0.0533707
2 0.38584 0.270662 0.0430778 0.0492086
2 0.0858991 0.750315 0.0446712 0.0524915
2 0.90142 0.98381 0.0576874 0.0322609
2 0.955119 0.898124 0.0552372 0.0426481
2 0.470223 0.209768 0.0474882 0.0528583
2 0.957265 0.857306 0.0546977 0.0417539
2 0.360245 0.373333 0.0468348 0.0508706
2 0.0777764 0.0983793 0.0470839 0.0564924
2 0.702986 0.729966 0.0528798 0.047304
2 0.204001 0.67101 0.054319 0.0453756
2 0.265178 0.676492 0.0534692 0.050452
2 0.390275 0.133703 0.045455 0.0562561
2 0.585527 0.974816 0.0533526 0.0491552
2 0.112576 0.478264 0.0495614 0.0470493
2 0.412714 0.888585 0.0537213 0.0448302
2 0.0852267 0.604065 0.0491753 0.0495963
2 0.162244 0.465473 0.0511136 0.0493392
2 0.315254 0.379987 0.0426441 0.0523485
2 0.286287 0.756386 0.046794 0.0524172
2 0.414002 0.360599 0.0488203 0.0546605
2 0.0250668 0.601287 0.0501336 0.0503685
2 0.742421 0.943173 0.0482405 0.0524108
2 0.0640085 0.26246 0.055586 0.0481266
2 0.459917 0.847666 0.0493669 0.0392469
2 0.36939 0.96443 0.0500141 0.0418881
2 0.0846596 0.358207 0.0486693 0.0503053
2 0.060984 0.152784 0.0471748 0.051493
2 0.135741 0.957123 0.0481055 0.0343048
2 0.132864 0.601167 0.0432506 0.0547138
2 0.406071 0.840324 0.0497857 0.0487852
2 0.756744 0.736753 0.0493118 0.0491341
2 0.612603 0.523803 0.0543679 0.0480779
2 0.89153 0.597304 0.054586 0.0417847
2 0.830387 0.822699 0.0549682 0.0410022
2 0.555848 0.350965 0.0465025 0.0538188
2 0.272779 0.451967 0.0468859 0.0530622
2 0.721106 0.519355 0.045474 0.0534864
2 0.361976 0.79243 0.0505296 0.0509287
2 0.712201 0.42469 0.0428284 0.0553874
2 0.930574 0.679451 0.0515691 0.0495674
2 0.0812051 0.814324 0.0551217 0.0451483
2 0.0972773 0.558151 0.0497034 0.0461855
2 0.361189 0.51804 0.0458316 0.0518817
2 0.476829 0.384658 0.0617401 0.0590954
2 0.520967 0.477473 0.0468223 0.0446509
2 0.460937 0.31021 0.0507062 0.0509562
2 0.419258 0.220786 0.0460969 0.0532599
2 0.545798 0.442458 0.0518849 0.0499045
2 0.500283 0.525858 0.0446356 0.0514353
2 0.430937 0.740118 0.0408056 0.0473846
2 0.624253 0.698865 0.0478007 0.0478803
2 0.220977 0.125697 0.0501469 0.0504823
2 0.791132 0.935817 0.047772 0.0456268
2 0.548706 0.566743 0.0417351 0.0478395
2 0.764136 0.502624 0.0440055 0.05076
2 0.319954 0.963337 0.0510768 0.0453412
2 0.104484 0.179347 0.0426119 0.0511167
2 0.363405 0.746546 0.0450367 0.0452247
2 0.131808 0.216255 0.0444799 0.053383
2 0.496908 0.97623 0.0461327 0.0469048
2 0.0212682 0.818206 0.0425363 0.0455518
2 0.73556 0.988815 0.0531289 0.022369
2 0.266376 0.157712 0.0501518 0.0508425
2 0.0832863 0.223626 0.0453631 0.0496783
2 0.66659 0.706062 0.0399011 0.0506922
2 0.328327 0.872419 0.049553 0.0468918
2 0.163067 0.766292 0.0472913 0.0524322
2 0.585662 0.57494 0.0409506 0.0455854
2 0.462504 0.708361 0.0458371 0.0536186
2 0.387107 0.320512 0.0520958 0.0470701
2 0.302655 0.330402 0.048209 0.0438173
2 0.373971 0.867398 0.0428489 0.0494591
2 0.553921 0.225691 0.0507027 0.0502591
2 0.35312 0.307222 0.0405004 0.0511492
2 0.450641 0.553778 0.0481114 0.0457255
2 0.604045 0.796324 0.0497297 0.0451117
2 0.0266497 0.182221 0.0441157 0.0538177
2 0.371104 0.932381 0.0486866 0.0406034
2 0.053105 0.788416 0.0476712 0.0444272
2 0.451023 0.459397 0.0471443 0.0527954
2 0.542497 0.52033 0.0422817 0.0437094
2 0.28435 0.40776 0.0500441 0.0404624
2 0.535064 0.986685 0.0437232 0.0264653
2 0.588921 0.663951 0.0444038 0.0497711
2 0.855785 0.704532 0.048781 0.0466588
2 0.529884 0.393881 0.0486826 0.0523572
0 0.0369893 0.359854 0.0517226 0.0413855
2 0.805323 0.567011 0.053992 0.0397499
2 0.785718 0.651861 0.053924 0.0433998
2 0.00676019 0.916136 0.0135204 0.0449474
2 0.309908 0.792417 0.0482434 0.0453143
2 0.0168441 0.509115 0.0336882 0.0464719
2 0.673943 0.99158 0.0489364 0.0168402
2 0.125097 0.76891 0.0365321 0.0483556
2 0.770975 0.599867 0.0562323 0.0501561
2 0.451212 0.910709 0.0516314 0.0475543
2 0.317861 0.434159 0.0464487 0.0439097
2 0.0135203 0.706448 0.0270407 0.0520752
2 0.0874921 0.98586 0.0480262 0.0282791
2 0.298775 0.524456 0.0451656 0.0434581
2 0.0157131 0.269727 0.0314263 0.0517974
2 0.00591279 0.9722 0.0118256 0.0496712
2 0.407074 0.983655 0.0494498 0.0326866
2 0.00938276 0.646659 0.0187655 0.0513809
2 0.326708 0.825134 0.0487722 0.0441251
2 0.25671 0.329021 0.048186 0.0452137
2 0.014172 0.770223 0.028344 0.0492719
2 0.46772 0.492742 0.0529727 0.0482347
2 0.883146 0.679111 0.0432097 0.0428024
2 0.488211 0.884248 0.0510274 0.0419528
2 0.402325 0.723628 0.0403593 0.0517303
2 0.458933 0.982449 0.0285011 0.0351028
2 0.267954 0.202959 0.0406584 0.0470828
2 0.623742 0.653137 0.035497 0.0446854
2 0.390336 0.178624 0.0467982 0.0351079
2 0.0145272 0.0807754 0.0290544 0.0565953
2 0.480164 0.932963 0.0427449 0.0489881
2 0.0124885 0.464617 0.024977 0.0467167
2 0.012033 0.213666 0.024066 0.0487542
2 0.00407518 0.130951 0.00815035 0.0664064
2 0.333072 0.996411 0.040093 0.00717836
2 0.134446 0.985776 0.042265 0.0278188
