0 0.715639 0.593291 0.0435461 0.0385826
0 0.423713 0.377344 0.0489246 0.0316205
0 0.300883 0.395413 0.0470729 0.0403214
0 0.589925 0.493638 0.0381224 0.0377588
0 0.319801 0.777187 0.0540103 0.0310954
0 0.279788 0.692362 0.0590315 0.035461
0 0.471554 0.384588 0.0469549 0.0388365
0 0.518768 0.856648 0.0396478 0.0338637
0 0.298081 0.457815 0.0479301 0.0403274
0 0.39441 0.403342 0.0442717 0.0390246
0 0.368191 0.505453 0.0484728 0.0456827
0 0.279096 0.544055 0.0581654 0.033532
0 0.782822 0.341389 0.0527181 0.0369454
0 0.510278 0.520729 0.0516416 0.0302762
0 0.576154 0.394485 0.0473462 0.0333145
0 0.563002 0.344589 0.0528399 0.0371921
0 0.298668 0.342252 0.0562191 0.0315053
0 0.198342 0.741104 0.0492331 0.0418148
0 0.11682 0.439453 0.0683925 0.046665
0 0.17609 0.598305 0.0533474 0.0445305
0 0.114947 0.620396 0.0502471 0.0365897
0 0.630918 0.78652 0.0554619 0.0343319
0 0.316034 0.520415 0.0531102 0.0325739
0 0.678436 0.618622 0.0511292 0.0277649
0 0.13577 0.556031 0.0590177 0.0334257
0 0.410124 0.326521 0.0475845 0.0396482
0 0.45504 0.581279 0.0486239 0.0304703
0 0.412807 0.493531 0.0433049 0.0348667
0 0.150694 0.709164 0.0593491 0.0367102
0 0.169438 0.660634 0.0502384 0.0404727
0 0.33449 0.705235 0.0511669 0.0311363
0 0.337815 0.571798 0.0529288 0.0369682
0 0.424625 0.534432 0.0549111 0.0304586
0 0.21892 0.516112 0.0416723 0.038428
0 0.252564 0.457156 0.0480228 0.0400351
0 0.624961 0.445548 0.05721 0.0310254
0 0.343456 0.636715 0.0493025 0.0383959
0 0.294694 0.589493 0.0460196 0.0404111
0 0.31131 0.807092 0.0527143 0.032145
0 0.378787 0.850604 0.0514277 0.0377795
0 0.758748 0.600899 0.0442574 0.0410884
0 0.298361 0.733569 0.0414116 0.0397243
0 0.376371 0.46754 0.057116 0.0287133
0 0.695396 0.65044 0.0441028 0.0389265
0 0.401401 0.288473 0.0470685 0.0350365
0 0.348266 0.398475 0.0497561 0.0353934
0 0.372233 0.365156 0.0536478 0.0382586
0 0.469337 0.815037 0.0444569 0.035742
0 0.423295 0.69173 0.0496173 0.0336031
0 0.836031 0.33113 0.038827 0.0375364
0 0.583634 0.663806 0.057921 0.0320833
0 0.681838 0.515746 0.0530011 0.0354429
0 0.546663 0.540648 0.054058 0.0313324
0 0.454452 0.865305 0.0664322 0.0447629
0 0.255802 0.749851 0.0462278 0.0292196
0 0.214494 0.364261 0.0550374 0.0326272
0 0.132415 0.486904 0.0526587 0.0311839
0 0.246336 0.417745 0.0495817 0.0336396
0 0.519435 0.709625 0.0544557 0.0310426
0 0.66906 0.589842 0.0497061 0.0307222
0 0.573144 0.433385 0.0434997 0.0411279
0 0.574537 0.698467 0.046872 0.0392479
0 0.34131 0.746787 0.0441129 0.0331105
0 0.640209 0.269239 0.0532032 0.0334358
0 0.446881 0.47676 0.0413515 0.032034
0 0.453116 0.421814 0.0461082 0.0359331
0 0.548077 0.497593 0.047322 0.0343045
0 0.175665 0.509855 0.053332 0.0353196
0 0.165982 0.456343 0.044675 0.038667
0 0.38707 0.634695 0.0419726 0.0342597
0 0.369354 0.775311 0.0448451 0.0336833
0 0.458 0.750633 0.0432387 0.0394209
0 0.216953 0.668912 0.0533264 0.044249
0 0.411774 0.794064 0.0445369 0.0364019
0 0.606198 0.725287 0.0530365 0.036513
0 0.254589 0.637965 0.0508928 0.0366301
0 0.643885 0.473053 0.0508538 0.0325037
0 0.497239 0.739313 0.0438658 0.0379405
0 0.600522 0.630846 0.0410927 0.0364449
0 0.645027 0.542584 0.0514531 0.0338782
0 0.426656 0.214705 0.0531215 0.0352494
0 0.533458 0.762428 0.0476757 0.0303268
0 0.638156 0.695829 0.0505471 0.0378631
0 0.685198 0.401604 0.0505208 0.0363209
0 0.49603 0.221754 0.053366 0.0337978
0 0.313267 0.83463 0.0538013 0.030161
0 0.904945 0.335827 0.048841 0.0407975
0 0.539451 0.604886 0.0457087 0.033478
0 0.375106 0.812284 0.0507965 0.0370678
0 0.459592 0.512245 0.0511134 0.0365668
0 0.49772 0.595554 0.043641 0.0354574
0 0.544808 0.463795 0.039432 0.036916
0 0.333698 0.672875 0.0483911 0.0360258
0 0.625424 0.597916 0.0435002 0.0379113
0 0.559823 0.634813 0.0430522 0.0360484
0 0.390811 0.59033 0.0494844 0.0341037
0 0.49878 0.432451 0.042327 0.037678
0 0.544712 0.792776 0.0505881 0.0334419
0 0.53243 0.677411 0.0440561 0.0366636
0 0.381906 0.66892 0.0498243 0.0352376
0 0.109187 0.589397 0.0526109 0.0313335
0 0.245167 0.574328 0.0526826 0.0353993
0 0.195119 0.556456 0.0468176 0.0390739
0 0.516965 0.639643 0.0442031 0.0377887
0 0.314251 0.861438 0.0557762 0.0309543
0 0.616527 0.412505 0.043507 0.0362182
0 0.23027 0.606356 0.0518475 0.0316158
0 0.300883 0.649941 0.0494476 0.0386083
0 0.488639 0.66725 0.0460896 0.0365871
0 0.46884 0.702027 0.0453591 0.041417
0 0.414962 0.564166 0.0467189 0.0329693
0 0.582319 0.600565 0.0410667 0.0352666
0 0.381563 0.709166 0.0478802 0.0362046
0 0.511344 0.563394 0.0493208 0.0347505
0 0.429224 0.83427 0.0545073 0.0369985
0 0.589682 0.760026 0.0668091 0.0402818
0 0.631768 0.508011 0.0474339 0.036557
0 0.454607 0.625762 0.0429453 0.038755
0 0.20727 0.46391 0.0421607 0.0365475
0 0.431018 0.657716 0.0515946 0.0402119
0 0.55798 0.571409 0.0416305 0.0349795
0 0.490072 0.784356 0.0576367 0.0400929
0 0.592865 0.808729 0.0557388 0.0362586
0 0.413306 0.733273 0.0511171 0.0357662
0 0.485654 0.468107 0.0498143 0.0334374
0 0.591953 0.532217 0.0461527 0.0363134
0 0.390008 0.437676 0.0460491 0.0317113
0 0.645042 0.641124 0.0543151 0.0409116
0 0.601618 0.566434 0.0447799 0.0357893
1 0.472547 0.285119 0.0317445 0.0353152
0 0.515637 0.250134 0.049104 0.0302285
0 0.270159 0.785983 0.0466162 0.0318596
0 0.728663 0.630368 0.0526504 0.0362741
1 0.449056 0.279204 0.0232014 0.0236356
0 0.235677 0.488591 0.04646 0.0360428
0 0.417419 0.609449 0.0496157 0.0313961
0 0.39485 0.758371 0.0484176 0.0347755
0 0.534843 0.82426 0.0820154 0.0361548
0 0.55325 0.733085 0.051988 0.035054
0 0.299595 0.296022 0.0338775 0.0295314
1 0.327765 0.369885 0.0385306 0.0283573
