0 0.534979 0.178207 0.0503793 0.0491309
2 0.200837 0.731762 0.0505345 0.0444567
2 0.530358 0.746809 0.0474869 0.0415661
2 0.286875 0.589803 0.0499842 0.0462239
0 0.303169 0.273572 0.0496715 0.0449852
2 0.0912911 0.674247 0.0516628 0.044357
2 0.294789 0.336248 0.0472421 0.048998
2 0.247101 0.850675 0.0464286 0.0473401
2 0.980267 0.976569 0.0394653 0.0437321
2 0.855399 0.360909 0.0507834 0.0387786
0 0.108555 0.721976 0.045128 0.0498637
2 0.300294 0.224589 0.0584807 0.0577674
2 0.504428 0.131665 0.0506718 0.0446075
2 0.249676 0.271077 0.0499655 0.0446517
2 0.59647 0.234491 0.0495735 0.0477555
2 0.258184 0.388847 0.0506749 0.0427551
2 0.217974 0.414624 0.0500868 0.0412928
0 0.667393 0.664432 0.0448008 0.0520015
2 0.748543 0.550252 0.0478578 0.0432994
2 0.483908 0.206457 0.0511579 0.0427807
2 0.410234 0.188176 0.049032 0.0436351
2 0.587853 0.181723 0.0492728 0.0425833
2 0.230532 0.456716 0.0517493 0.042858
2 0.823904 0.591229 0.0510122 0.0432848
2 0.153517 0.7534 0.0516343 0.0417054
2 0.697822 0.043924 0.042873 0.0513113
2 0.141565 0.830394 0.0514226 0.0417009
2 0.345164 0.306147 0.0516112 0.0423008
2 0.415516 0.138282 0.0527968 0.0451309
2 0.768079 0.596267 0.047497 0.0414655
2 0.359349 0.659855 0.049313 0.0437277
2 0.0776772 0.777406 0.0476542 0.0491699
2 0.980305 0.508027 0.0393899 0.0424269
2 0.326548 0.84109 0.046925 0.0455966
2 0.506405 0.0842329 0.0486165 0.0439824
2 0.953522 0.791623 0.0489252 0.0434992
2 0.58211 0.6935 0.042291 0.0492781
2 0.444905 0.777298 0.0492663 0.0430276
2 0.654328 0.100805 0.0466066 0.0423798
2 0.457339 0.327049 0.0389224 0.0488956
2 0.899252 0.785474 0.0484643 0.0442858
2 0.974513 0.0336726 0.0440157 0.0507827
2 0.692314 0.471609 0.0431825 0.0520035
2 0.958672 0.130817 0.0463607 0.0467614
2 0.403425 0.355369 0.0484431 0.0439851
2 0.368939 0.922458 0.0476527 0.0424355
2 0.942996 0.390204 0.0488817 0.0417758
2 0.61704 0.323007 0.0448498 0.049033
2 0.630935 0.731883 0.040753 0.0491806
2 0.607351 0.134327 0.0498675 0.0445332
2 0.824773 0.948607 0.0458031 0.0394679
2 0.873324 0.888261 0.044981 0.0411427
2 0.672747 0.717636 0.0428631 0.0473134
2 0.172656 0.617963 0.0493274 0.0460414
2 0.699973 0.625948 0.0431955 0.0479073
2 0.116712 0.618029 0.0485291 0.0478614
2 0.0312849 0.805597 0.0458804 0.0500943
2 0.190471 0.790381 0.0508977 0.0415105
2 0.182488 0.966948 0.0438456 0.048719
2 0.720848 0.728867 0.0475238 0.043336
2 0.0587312 0.630768 0.0495279 0.0483051
2 0.557695 0.141427 0.0481024 0.0441799
2 0.358157 0.175009 0.0520195 0.0450226
2 0.965047 0.605433 0.0501487 0.0445604
2 0.586002 0.434001 0.0492215 0.0417714
2 0.463705 0.104812 0.0431329 0.0520107
2 0.411313 0.73213 0.047335 0.0454105
2 0.151808 0.399204 0.0490829 0.0473257
2 0.35711 0.712031 0.0402717 0.0504692
2 0.546995 0.593096 0.0471147 0.0460075
2 0.0979503 0.503491 0.0464585 0.0487025
2 0.306383 0.398522 0.0438999 0.0505735
2 0.645656 0.0549299 0.0481815 0.046972
2 0.923347 0.0265629 0.0426959 0.0471193
2 0.156022 0.884108 0.04451 0.0496408
2 0.47081 0.544116 0.0468365 0.0491991
2 0.239985 0.347454 0.0494255 0.046544
2 0.265993 0.913306 0.0440399 0.0492865
2 0.787536 0.214381 0.0471641 0.0443909
2 0.238466 0.77406 0.0425785 0.0483886
2 0.606286 0.786452 0.043897 0.0468757
2 0.925193 0.273297 0.0478218 0.0430858
2 0.122716 0.45067 0.0467478 0.0502645
2 0.464513 0.890866 0.0422167 0.0487041
2 0.871447 0.0302255 0.0453799 0.0508356
2 0.8344 0.645447 0.0463376 0.0454597
2 0.867198 0.933755 0.0427612 0.0478547
2 0.790409 0.468506 0.0480046 0.0401483
2 0.943525 0.0727648 0.0403213 0.0493067
2 0.986623 0.824078 0.0267538 0.0514372
2 0.833834 0.703485 0.0501316 0.0440193
2 0.574998 0.283036 0.0447369 0.0428641
2 0.741277 0.0852722 0.0449889 0.0416115
2 0.245265 0.710107 0.0512885 0.0447501
2 0.287267 0.866806 0.045421 0.0472956
2 0.222019 0.568818 0.0521551 0.0457652
2 0.514536 0.891668 0.0484892 0.0428823
2 0.977429 0.421724 0.044572 0.0456936
2 0.982938 0.0820637 0.0341244 0.0464211
2 0.354671 0.55489 0.0496763 0.0456215
2 0.537284 0.542584 0.0461122 0.0443967
2 0.340076 0.357718 0.0435514 0.0498683
2 0.0461039 0.963949 0.045541 0.0495529
2 0.47821 0.267824 0.0461905 0.0450664
2 0.642199 0.61551 0.0436519 0.0493802
2 0.490653 0.586797 0.0494576 0.0464395
2 0.0287439 0.911661 0.0444803 0.0481074
2 0.485122 0.412188 0.0439905 0.0507426
2 0.311297 0.648803 0.0425944 0.0518308
2 0.415216 0.549091 0.0471084 0.0442826
2 0.528047 0.841574 0.0434946 0.0488879
2 0.677262 0.87309 0.0395377 0.0485685
2 0.259644 0.651181 0.0496906 0.0455251
2 0.600358 0.882357 0.0435238 0.0449814
2 0.742176 0.486205 0.0443754 0.0453926
2 0.209559 0.670505 0.0488427 0.0455379
2 0.55728 0.341966 0.0471296 0.0477334
2 0.613057 0.370355 0.0405147 0.04251
2 0.121522 0.791904 0.0431038 0.0491169
2 0.74026 0.0392035 0.0433832 0.0480896
2 0.124228 0.557671 0.0415605 0.0530452
2 0.578792 0.836241 0.0471288 0.0459561
2 0.312424 0.902538 0.0457504 0.0480936
2 0.0311992 0.865406 0.0455603 0.0481513
2 0.813454 0.508301 0.0476803 0.0384669
2 0.413894 0.444374 0.0430516 0.050102
2 0.312245 0.705478 0.0429975 0.0495684
2 0.171524 0.446309 0.0491361 0.0455197
2 0.0776765 0.563652 0.045418 0.0500199
2 0.232998 0.612734 0.0532733 0.0424408
2 0.819158 0.114354 0.0431871 0.0490386
2 0.35033 0.605821 0.0477404 0.0472128
2 0.643617 0.458962 0.048599 0.0466063
2 0.713151 0.883614 0.0325468 0.0447609
2 0.320232 0.794539 0.036473 0.0444191
2 0.499668 0.303927 0.0493265 0.0418076
2 0.144712 0.501735 0.0446832 0.0501226
2 0.560881 0.084656 0.0426463 0.0524666
2 0.275625 0.801727 0.0461913 0.0489312
2 0.535712 0.233893 0.0499702 0.0395298
2 0.846626 0.791676 0.0464956 0.0466476
2 0.253917 0.508883 0.0481434 0.0461493
2 0.0855022 0.935595 0.0478138 0.0463759
2 0.0407696 0.682708 0.045821 0.0521351
2 0.39763 0.78481 0.0416521 0.0493968
2 0.527001 0.696749 0.0474873 0.0476834
2 0.638471 0.263881 0.041084 0.0520737
2 0.558559 0.979983 0.0448273 0.0397827
2 0.909182 0.550163 0.0437462 0.0448957
2 0.700604 0.0971844 0.0429453 0.0381181
2 0.492537 0.355713 0.0395459 0.0491127
2 0.213577 0.313242 0.0501211 0.0436334
2 0.977586 0.280841 0.0448281 0.0435423
2 0.413707 0.951985 0.0436936 0.0502931
2 0.792441 0.420884 0.0382157 0.0515897
2 0.27924 0.443727 0.0429905 0.0525328
2 0.540595 0.928326 0.0475393 0.0445911
2 0.375814 0.829868 0.0471879 0.0421736
2 0.839696 0.241515 0.0451258 0.0446738
2 0.985532 0.560397 0.028937 0.0447427
2 0.60917 0.927922 0.0429047 0.0494908
2 0.497985 0.787405 0.049706 0.0464417
2 0.481488 0.847854 0.0457192 0.0444822
2 0.902888 0.0832156 0.0414293 0.0516793
2 0.947135 0.656533 0.0466082 0.0478667
2 0.933162 0.836939 0.0530417 0.0427343
2 0.302924 0.503012 0.0464939 0.0406545
2 0.109691 0.88244 0.0425793 0.0494834
2 0.639593 0.1683 0.0480255 0.0431446
2 0.193688 0.37043 0.0466019 0.0478587
2 0.405929 0.683469 0.0470434 0.0442974
2 0.396217 0.633352 0.0489014 0.0430272
2 0.962182 0.336204 0.0408684 0.0517654
2 0.218297 0.907463 0.0449954 0.048481
2 0.533866 0.27599 0.0408438 0.0500242
2 0.660455 0.210418 0.0415566 0.0514137
2 0.258757 0.985206 0.0467108 0.0295871
2 0.73593 0.675176 0.0479333 0.0418599
2 0.544002 0.648101 0.0425621 0.0511086
2 0.910221 0.684817 0.0390591 0.0486969
2 0.821465 0.892837 0.0456598 0.0457247
2 0.984777 0.175536 0.0304457 0.0526637
2 0.675127 0.580222 0.0423299 0.0479233
2 0.616962 0.977459 0.0454575 0.0447502
2 0.158186 0.929841 0.0496656 0.0441119
2 0.531834 0.384111 0.0435627 0.0471134
2 0.530548 0.434766 0.0462625 0.0453603
2 0.51013 0.98314 0.0470636 0.0337203
2 0.955652 0.74246 0.0454509 0.0464992
2 0.744165 0.432632 0.0429743 0.0468658
2 0.797068 0.0348104 0.044411 0.0502129
2 0.882495 0.588709 0.050019 0.041626
2 0.872884 0.402074 0.0442799 0.0489756
2 0.905204 0.743625 0.0489253 0.0411819
2 0.783442 0.644318 0.0451708 0.0462306
2 0.890729 0.234723 0.0495113 0.04447
2 0.197516 0.491612 0.0498532 0.0450517
2 0.693732 0.422664 0.0413127 0.049364
2 0.794559 0.746007 0.0400739 0.0464762
2 0.75296 0.755688 0.0432377 0.0443232
2 0.839886 0.463052 0.0483966 0.0416327
2 0.71013 0.520545 0.0449368 0.0421221
2 0.588142 0.742494 0.0428667 0.0477141
2 0.453016 0.692699 0.0461293 0.0464045
2 0.228195 0.956671 0.0429672 0.0502136
2 0.44953 0.377605 0.0433894 0.0495637
2 0.87342 0.662054 0.0430247 0.0470443
2 0.93345 0.434142 0.0438986 0.0431773
2 0.801459 0.545737 0.0471866 0.0412302
2 0.985854 0.463122 0.028292 0.0432443
2 0.772969 0.31458 0.0444609 0.0469666
2 0.763953 0.870492 0.0394573 0.0472354
2 0.653559 0.770538 0.0446651 0.0494372
2 0.833145 0.18918 0.0452846 0.0443229
2 0.898637 0.466443 0.0410921 0.0433113
2 0.578012 0.388508 0.0454256 0.0474038
2 0.904585 0.626157 0.0480513 0.0441226
2 0.413247 0.310871 0.0509853 0.0417942
2 0.342856 0.505095 0.0333343 0.0455896
2 0.878806 0.83004 0.0490369 0.0446509
2 0.560197 0.501916 0.0421208 0.0442632
2 0.650028 0.411785 0.0449067 0.0464544
2 0.59562 0.475193 0.0414948 0.037023
2 0.469542 0.737166 0.0459863 0.0445285
2 0.129449 0.982935 0.050607 0.0340762
2 0.846384 0.747571 0.0500174 0.041263
2 0.457867 0.164603 0.0459095 0.0494041
0 0.824052 0.841017 0.0429194 0.0463061
2 0.951536 0.546898 0.0390972 0.0511764
2 0.701226 0.177932 0.0439574 0.0448606
2 0.607123 0.0889104 0.0446986 0.0446741
2 0.453809 0.82378 0.0463133 0.0456479
2 0.866398 0.499148 0.0467607 0.0410922
2 0.0835401 0.828504 0.044463 0.049485
2 0.954596 0.875642 0.0422092 0.0319773
2 0.800657 0.359646 0.0453627 0.0453108
2 0.394498 0.593659 0.0382867 0.0413307
0 0.504011 0.50288 0.0500737 0.042196
2 0.63888 0.821955 0.0425787 0.0466751
2 0.833692 0.421262 0.044447 0.04241
2 0.920263 0.507558 0.0437138 0.0421574
2 0.910905 0.912754 0.0406015 0.0483587
2 0.715693 0.579127 0.0384645 0.0477066
2 0.634208 0.859752 0.043919 0.0332202
2 0.459409 0.98812 0.0452639 0.0237607
2 0.754979 0.390681 0.0450966 0.0409107
2 0.637549 0.545807 0.0409526 0.0462624
2 0.367917 0.969175 0.0441673 0.0484509
0 0.820385 0.320842 0.0477398 0.0453412
2 0.950712 0.19208 0.0399399 0.0492093
2 0.711017 0.781701 0.0421 0.0435538
2 0.764817 0.260564 0.0400703 0.0500346
2 0.832171 0.985277 0.0507438 0.0294462
2 0.680299 0.341018 0.0483128 0.0441886
2 0.593073 0.622371 0.0432574 0.0445152
2 0.908892 0.32304 0.0425638 0.0467817
2 0.201532 0.859821 0.0467194 0.0433426
2 0.667384 0.514204 0.0401453 0.0439195
2 0.619842 0.663226 0.0446966 0.0449915
2 0.48873 0.647928 0.0413298 0.0464567
2 0.432646 0.594853 0.0379681 0.0450142
2 0.559017 0.881437 0.0402042 0.0471655
2 0.977838 0.699075 0.0413347 0.0501465
2 0.770994 0.703163 0.0470893 0.0420603
2 0.944566 0.475974 0.046898 0.0397581
2 0.417921 0.499762 0.0498607 0.043513
2 0.840652 0.0668368 0.0410499 0.0499005
2 0.536404 0.477569 0.0420499 0.0389108
2 0.988887 0.875397 0.0222252 0.046206
2 0.796873 0.793691 0.0423044 0.0452849
2 0.556464 0.78609 0.0481597 0.0451032
2 0.865041 0.285656 0.0472624 0.0416349
2 0.888025 0.133551 0.0420977 0.0476994
2 0.991959 0.32249 0.0160815 0.0471022
2 0.42338 0.863101 0.0431268 0.0324496
2 0.301952 0.958481 0.0443571 0.0512063
2 0.785465 0.971473 0.0465656 0.0289922
2 0.0823633 0.989282 0.0432822 0.0214368
2 0.783664 0.0829524 0.0433527 0.0465176
2 0.989518 0.75101 0.0209649 0.0480815
2 0.478149 0.939883 0.043987 0.0483952
2 0.720081 0.232861 0.0490502 0.0443716
2 0.701358 0.936046 0.0365428 0.0463939
2 0.389585 0.474093 0.0421936 0.0329228
2 0.906953 0.963087 0.0425868 0.0512826
2 0.708095 0.373771 0.0468901 0.0412514
2 0.738632 0.984628 0.0416015 0.0307447
2 0.0698704 0.891199 0.038424 0.0452784
2 0.855244 0.547043 0.0453479 0.0458498
2 0.806487 0.269476 0.0429918 0.0465268
2 0.990986 0.660255 0.0180277 0.0510595
2 0.939398 0.984087 0.0460462 0.0318264
2 0.60344 0.589484 0.046228 0.0331125
2 0.784152 0.833504 0.0461162 0.0398014
2 0.75108 0.16755 0.0446279 0.0419674
2 0.876877 0.981284 0.0343652 0.0371363
2 0.951701 0.912323 0.0416237 0.0491662
2 0.645237 0.900991 0.0443112 0.0449447
2 0.700401 0.261601 0.037335 0.0410262
2 0.473455 0.460027 0.0469257 0.0462117
2 0.664161 0.93574 0.0361503 0.0393196
2 0.356574 0.404781 0.0387744 0.0454108
2 0.59308 0.541688 0.0473921 0.0461202
2 0.153473 0.689273 0.0453269 0.0707068
2 0.857622 0.160772 0.0394457 0.0484124
2 0.780758 0.992109 0.0393071 0.0155276
2 0.662202 0.31105 0.0427842 0.038977
2 0.354592 0.88223 0.0344786 0.041582
2 0.907945 0.197724 0.0403169 0.0433366
2 0.191208 0.531579 0.050853 0.0389263
2 0.733151 0.924327 0.0323422 0.0472516
2 0.733633 0.349603 0.0462942 0.0417449
2 0.943457 0.702228 0.0310235 0.0435682
2 0.725165 0.286363 0.0445019 0.0429294
2 0.330583 0.751713 0.0417501 0.0402045
2 0.801355 0.681582 0.0399304 0.041821
2 0.92644 0.157597 0.0369375 0.0466909
2 0.725134 0.843841 0.044046 0.0385849
2 0.192249 0.827879 0.047738 0.0309293
2 0.346294 0.453607 0.041945 0.0490195
2 0.331953 0.992005 0.0460943 0.0159897
0 0.691395 0.821434 0.0422253 0.0478116
2 0.777617 0.93001 0.0417815 0.0423399
2 0.405767 0.246292 0.0494228 0.0419878
2 0.674543 0.143056 0.0423113 0.0436177
2 0.513325 0.623026 0.0392151 0.0408363
2 0.660913 0.99038 0.0456056 0.0192404
2 0.740464 0.634182 0.0432039 0.0431432
2 0.371536 0.755443 0.038204 0.0374082
2 0.301869 0.538758 0.0456172 0.0404213
0 0.866993 0.323969 0.0462043 0.0380804
2 0.372072 0.223717 0.045921 0.0499048
2 0.166283 0.559775 0.0380288 0.0472305
0 0.419154 0.899207 0.044146 0.0427193
2 0.438549 0.233201 0.0410993 0.0486439
2 0.375536 0.505903 0.038245 0.0451679
2 0.430989 0.279913 0.0421019 0.0412425
2 0.652744 0.373899 0.0384962 0.0398373
2 0.751548 0.127449 0.0410127 0.038557
2 0.715455 0.136492 0.037144 0.0418823
2 0.407455 0.400409 0.0450271 0.0411955
2 0.880495 0.719651 0.0418968 0.0401125
2 0.275007 0.75133 0.0466435 0.0452444
2 0.384567 0.874487 0.0363027 0.0472463
2 0.613678 0.500238 0.0497884 0.0414262
2 0.341526 0.261717 0.0409166 0.0470655
2 0.314383 0.469435 0.0397451 0.0428472
2 0.452377 0.622533 0.0445677 0.048334
2 0.995603 0.61081 0.00879369 0.0427064
2 0.680516 0.967682 0.0482922 0.0355543
2 0.449496 0.426193 0.0377853 0.0316348
2 0.431993 0.65949 0.0462279 0.0335107
2 0.996727 0.376971 0.006545 0.0423616
2 0.189339 0.996539 0.038303 0.00692279
2 0.419323 0.899659 0.0448447 0.0421842
2 0.380024 0.427682 0.0343971 0.043949
0 0.275081 0.751347 0.0458339 0.0450739
2 0.748418 0.816845 0.034435 0.0433481
