0 0.539472 0.605611 0.0475986 0.0349602
0 0.372608 0.364892 0.0525798 0.0375026
0 0.616355 0.412825 0.0438803 0.0363141
0 0.423362 0.69185 0.0492347 0.0330262
0 0.669802 0.590102 0.0500828 0.0312544
0 0.510253 0.520361 0.0528175 0.0308853
0 0.49749 0.595885 0.0420926 0.0358654
0 0.34432 0.637155 0.0478824 0.0382465
0 0.389891 0.437614 0.0471185 0.0328898
0 0.379363 0.850602 0.0526517 0.0380174
0 0.678662 0.618691 0.0506852 0.0283605
0 0.424529 0.533787 0.054028 0.0310139
0 0.45479 0.581585 0.0486868 0.0304553
0 0.519062 0.709986 0.0551668 0.0324694
0 0.334843 0.70523 0.0507708 0.0318102
0 0.468458 0.702334 0.0447871 0.0409116
0 0.1662 0.456599 0.0446924 0.038948
0 0.338099 0.571928 0.0525872 0.0363726
0 0.533186 0.76212 0.0480352 0.0299078
0 0.681896 0.515853 0.052334 0.0353305
0 0.471021 0.384744 0.0475918 0.0393289
0 0.136466 0.555824 0.0561455 0.033703
0 0.630927 0.786534 0.0568739 0.0345266
0 0.584627 0.663796 0.0570571 0.0318048
0 0.548884 0.497248 0.0453153 0.0345551
0 0.51784 0.639949 0.0449253 0.0373736
0 0.625449 0.597647 0.0434169 0.0378906
0 0.589805 0.49396 0.0372621 0.03665
0 0.642875 0.47236 0.0516748 0.0325717
0 0.168953 0.661604 0.0500727 0.0416748
0 0.255333 0.637767 0.0505052 0.0363881
0 0.316313 0.520212 0.0548206 0.032377
0 0.453414 0.422331 0.0447251 0.0377
0 0.394236 0.403248 0.0456487 0.0394428
0 0.300677 0.395516 0.0475124 0.0400748
0 0.518968 0.856712 0.0398659 0.0337947
0 0.310631 0.807621 0.0514294 0.0331809
0 0.413015 0.733579 0.0502038 0.0348831
0 0.320468 0.776744 0.0531825 0.0314242
0 0.36913 0.505717 0.049045 0.0460158
0 0.279889 0.692713 0.0592912 0.0341106
0 0.715633 0.593814 0.0430239 0.0385811
0 0.117117 0.439391 0.068717 0.0469613
0 0.575034 0.697916 0.0468536 0.0384793
0 0.37527 0.811792 0.0515997 0.0380347
0 0.4267 0.21491 0.0539692 0.0356543
0 0.423866 0.377245 0.04827 0.0317023
0 0.194873 0.557364 0.0450875 0.0372394
0 0.413351 0.493473 0.0447705 0.0354777
0 0.298768 0.457298 0.0473369 0.0399076
0 0.334581 0.67228 0.0494951 0.0363144
0 0.758464 0.600785 0.0454679 0.041734
0 0.218716 0.516395 0.0422878 0.0382017
0 0.459583 0.512372 0.0503371 0.0364748
0 0.544974 0.463353 0.0403016 0.0373677
0 0.174897 0.510554 0.0528901 0.037801
0 0.60002 0.630557 0.0405935 0.0368784
0 0.377684 0.467062 0.0559707 0.0289808
0 0.626596 0.44548 0.0576972 0.0314348
0 0.214612 0.363732 0.0554336 0.0337972
0 0.453826 0.626066 0.0421829 0.0392827
0 0.457752 0.750797 0.0436558 0.0390063
0 0.592752 0.532014 0.047085 0.035764
0 0.294551 0.589093 0.0463141 0.0391426
0 0.114927 0.619838 0.0501558 0.037986
0 0.49093 0.784298 0.057162 0.0390223
0 0.298268 0.734548 0.0432837 0.0402399
0 0.446318 0.476811 0.0417332 0.031441
0 0.559622 0.63576 0.0419458 0.0350396
0 0.402035 0.288773 0.0477903 0.0347464
0 0.564071 0.344671 0.0532719 0.0365369
0 0.150571 0.709428 0.0590992 0.0357731
0 0.252188 0.456282 0.0469467 0.0397721
0 0.532155 0.677636 0.045872 0.0376996
0 0.72873 0.630381 0.051558 0.0363594
0 0.415809 0.56432 0.0516741 0.0333557
0 0.575381 0.394544 0.046556 0.0321314
0 0.546225 0.540512 0.0534988 0.0299472
0 0.132983 0.487071 0.0533426 0.0314511
0 0.496247 0.221305 0.0536729 0.0349947
0 0.638607 0.695985 0.0498876 0.037884
0 0.905627 0.335953 0.0477512 0.0403528
0 0.391453 0.590019 0.0488351 0.0355619
0 0.836809 0.33107 0.0401764 0.0380986
0 0.410314 0.326546 0.0476416 0.0394021
0 0.468722 0.815012 0.046212 0.0364023
0 0.497736 0.739192 0.0435545 0.0379247
0 0.499106 0.432483 0.0428102 0.0384825
0 0.382614 0.668423 0.049476 0.0343618
0 0.557735 0.57155 0.0431252 0.0348819
0 0.300237 0.649886 0.0497783 0.0390414
0 0.695319 0.65034 0.0448168 0.0388687
0 0.245976 0.417155 0.0492627 0.0339873
0 0.348321 0.398309 0.0499419 0.0353653
0 0.23018 0.606047 0.0509347 0.0320526
0 0.429569 0.834437 0.052903 0.0364011
0 0.582282 0.600686 0.0408087 0.0351184
0 0.27922 0.543744 0.0594493 0.0321274
0 0.418 0.608547 0.0523156 0.0319051
0 0.108868 0.588456 0.0523758 0.0298609
0 0.341779 0.747339 0.0449999 0.0330571
0 0.606765 0.725302 0.0529395 0.0357112
0 0.590817 0.759591 0.0661495 0.0398836
0 0.411245 0.794718 0.0452276 0.035846
0 0.593139 0.8081 0.055106 0.0362778
0 0.298706 0.342157 0.0552673 0.032152
0 0.485942 0.467325 0.0484817 0.0337973
0 0.782559 0.341724 0.0560948 0.0393636
0 0.54484 0.792674 0.0521096 0.0333504
0 0.198199 0.740279 0.0489786 0.0411886
0 0.215803 0.672945 0.0545618 0.0342559
0 0.631349 0.507596 0.0485781 0.0368195
0 0.489636 0.667585 0.0468965 0.0364383
0 0.644951 0.641024 0.0584969 0.0424801
0 0.246387 0.57492 0.0525784 0.0366618
0 0.388214 0.633971 0.0418425 0.0350901
0 0.315024 0.860822 0.0546499 0.0304718
0 0.643538 0.542891 0.0532499 0.0343064
0 0.684962 0.401318 0.0504926 0.0358326
0 0.381039 0.709462 0.0466898 0.0346736
0 0.511268 0.563291 0.0499765 0.0364473
0 0.255778 0.749009 0.0480289 0.0291578
0 0.435167 0.657766 0.0612818 0.0414032
0 0.574779 0.432695 0.0453747 0.0414755
0 0.459184 0.861499 0.0748082 0.051738
0 0.236853 0.488544 0.0476495 0.0374114
0 0.638485 0.268431 0.0503302 0.0341158
0 0.522892 0.82282 0.0724076 0.0385826
0 0.176732 0.598378 0.0559369 0.0459198
0 0.553371 0.732974 0.0519252 0.0354016
0 0.608463 0.565443 0.0638467 0.0368258
0 0.207613 0.464646 0.0468699 0.038196
0 0.370293 0.775164 0.0458083 0.0341678
0 0.301509 0.29604 0.0330925 0.0308608
0 0.270067 0.786168 0.0466043 0.0330946
1 0.313845 0.311996 0.0334776 0.0223616
0 0.39591 0.261017 0.0485807 0.0235194
0 0.31172 0.83469 0.0533435 0.0282483
0 0.251919 0.793956 0.0366333 0.0242531
0 0.395266 0.758612 0.0492962 0.0350515
0 0.340932 0.303723 0.0341486 0.0290571
1 0.274232 0.822911 0.0374276 0.0242218
0 0.474945 0.853813 0.0481196 0.0397523
0 0.552351 0.835183 0.0511757 0.0361128
1 0.470616 0.283238 0.0376196 0.0399937
1 0.449719 0.279763 0.0207448 0.0242626
