0 0.667913 0.66396 0.0441794 0.0513643
2 0.287118 0.589524 0.0507747 0.0463733
2 0.300868 0.223718 0.0577893 0.0566187
2 0.294539 0.336085 0.0478315 0.0484265
2 0.790433 0.468361 0.0485345 0.0405126
2 0.617318 0.977541 0.0440832 0.0444081
2 0.925635 0.273135 0.0486112 0.0428276
2 0.245914 0.709782 0.0522993 0.0451301
2 0.510102 0.982972 0.0466521 0.0340566
2 0.890547 0.234492 0.0496547 0.0447548
2 0.943128 0.39026 0.0483007 0.0418888
2 0.506792 0.0839251 0.0491094 0.044022
2 0.458736 0.987878 0.0449148 0.0242445
2 0.413411 0.952002 0.0447499 0.0498681
2 0.639638 0.167897 0.047298 0.042773
2 0.559184 0.980455 0.0450259 0.0390901
2 0.17283 0.617434 0.0492484 0.0457075
2 0.340031 0.357417 0.0433116 0.0497164
2 0.240053 0.346682 0.0492975 0.0462563
2 0.129959 0.982638 0.0525707 0.0344063
2 0.59601 0.234317 0.0498407 0.0472688
2 0.923261 0.0260286 0.0428145 0.0476641
2 0.358354 0.174575 0.0511709 0.0455645
2 0.190818 0.790091 0.0502415 0.0414301
2 0.526808 0.695608 0.0473348 0.0478628
2 0.654544 0.100819 0.0464838 0.0429603
2 0.586219 0.434101 0.048866 0.0413474
2 0.839723 0.241523 0.0458435 0.0445541
2 0.171869 0.445912 0.0493695 0.0454983
2 0.249042 0.271006 0.0507097 0.0446236
2 0.546631 0.592786 0.0466929 0.0458175
2 0.980512 0.975942 0.0389755 0.0424745
2 0.617252 0.323005 0.0448081 0.0483425
2 0.258165 0.388602 0.0500379 0.0433226
2 0.413154 0.443704 0.0408782 0.0497309
2 0.660534 0.210278 0.0417894 0.0504883
2 0.871601 0.0297806 0.0457766 0.0508043
2 0.607422 0.133881 0.0502027 0.0443288
2 0.64519 0.0555787 0.0478381 0.0470056
2 0.312525 0.90244 0.0455523 0.0479096
2 0.0775981 0.777651 0.0473839 0.0496147
2 0.824 0.590632 0.0515218 0.043734
2 0.933111 0.836819 0.0525283 0.0427539
2 0.82127 0.892432 0.0451291 0.0455893
2 0.091256 0.67407 0.051352 0.044782
2 0.575252 0.2832 0.0451746 0.0439841
2 0.498314 0.787053 0.0499702 0.0462465
2 0.824777 0.948855 0.0454641 0.0396073
2 0.153232 0.753537 0.0509887 0.0415346
2 0.872635 0.402297 0.0444464 0.0482484
2 0.484277 0.206346 0.0510924 0.0432075
2 0.962491 0.335624 0.0408491 0.0508067
2 0.977306 0.421204 0.0448258 0.0454081
2 0.403563 0.355215 0.0485224 0.0435845
2 0.155749 0.884443 0.0453115 0.0491691
2 0.588249 0.181628 0.0492207 0.0427596
2 0.672597 0.717294 0.0429949 0.0482839
0 0.108498 0.721438 0.0448954 0.0496915
2 0.797277 0.0343459 0.0447878 0.0504186
2 0.58217 0.693097 0.0413748 0.0496135
2 0.801567 0.545494 0.0472789 0.0411056
2 0.209393 0.670483 0.0483787 0.0451508
2 0.737885 0.984168 0.0411488 0.0316635
2 0.354922 0.554596 0.0504603 0.0454843
2 0.301975 0.958343 0.0449422 0.0508316
2 0.32698 0.840692 0.046534 0.0458933
2 0.0290495 0.91147 0.044244 0.0485634
2 0.0857505 0.935306 0.0487703 0.0459213
2 0.222178 0.568194 0.0520747 0.0453621
2 0.410544 0.188443 0.0495998 0.0432473
2 0.740569 0.0846882 0.0444073 0.0411988
2 0.258528 0.985088 0.0462915 0.0297829
2 0.873305 0.888273 0.0450446 0.0422161
2 0.504367 0.13156 0.0505396 0.0438282
2 0.748721 0.550786 0.0476517 0.0432707
2 0.040908 0.682545 0.0455113 0.0513975
2 0.530476 0.43475 0.045863 0.0454568
2 0.813705 0.508159 0.0472272 0.0381892
2 0.121411 0.791561 0.0429367 0.0477777
2 0.55817 0.14142 0.0486126 0.0439181
2 0.200958 0.731609 0.0503555 0.0433401
2 0.367551 0.968782 0.0451444 0.0481163
2 0.832137 0.98487 0.0495923 0.0302606
2 0.541068 0.928198 0.0480492 0.0447685
2 0.306328 0.398463 0.0441213 0.049529
2 0.866714 0.498858 0.0470722 0.0410868
2 0.977744 0.280773 0.0445115 0.043597
2 0.887625 0.13321 0.0421276 0.0475158
2 0.855541 0.360534 0.0509197 0.0391843
2 0.899213 0.784522 0.0490034 0.0442076
2 0.536135 0.233494 0.0503597 0.0414487
2 0.53043 0.747219 0.0481835 0.0420878
2 0.953489 0.791147 0.0478619 0.0437795
2 0.76817 0.596108 0.0467425 0.0415248
2 0.944062 0.476095 0.0463629 0.0396675
2 0.0588857 0.630526 0.0497933 0.0473165
2 0.699566 0.626155 0.0429285 0.0485799
2 0.141584 0.830464 0.0518341 0.0421711
2 0.692502 0.471227 0.0433136 0.0502187
2 0.533926 0.275541 0.0414946 0.0490569
2 0.561119 0.0842568 0.0419032 0.0516812
2 0.787821 0.214387 0.0478307 0.0434975
2 0.411773 0.732137 0.0469399 0.0455177
2 0.0318541 0.80498 0.0457889 0.0512029
2 0.796823 0.793315 0.0420631 0.0450676
2 0.144341 0.50156 0.0450179 0.0499921
2 0.736041 0.67497 0.0478006 0.0422569
2 0.44486 0.77661 0.0486878 0.04446
2 0.840128 0.462575 0.0488113 0.0420456
2 0.515039 0.891691 0.048801 0.0433619
2 0.720855 0.728878 0.0470685 0.0428051
2 0.259691 0.650892 0.0488832 0.0451235
2 0.469739 0.737069 0.046581 0.0444121
2 0.478416 0.267293 0.0472894 0.0445979
2 0.606203 0.786273 0.0437274 0.0469165
2 0.375655 0.829671 0.0469987 0.0433375
2 0.933626 0.434096 0.0439933 0.0427199
2 0.0314069 0.864909 0.044934 0.0473707
2 0.698095 0.0442056 0.0426989 0.0497418
2 0.246824 0.850611 0.0461989 0.046731
2 0.472991 0.45962 0.0462808 0.0470764
2 0.218098 0.906831 0.0459071 0.0480245
2 0.902515 0.0826884 0.0413967 0.0507029
2 0.412714 0.310385 0.0505488 0.0418354
2 0.116713 0.618144 0.0482755 0.0474315
2 0.965105 0.605219 0.0506776 0.0449095
2 0.619999 0.662873 0.0448302 0.0451323
2 0.415932 0.138223 0.0517189 0.0447238
2 0.985452 0.560322 0.0290954 0.0440682
2 0.359154 0.659521 0.0487337 0.0441511
2 0.980526 0.507759 0.0389481 0.0428061
2 0.278825 0.444041 0.0424058 0.0524381
2 0.253782 0.508964 0.0474564 0.0464212
2 0.613059 0.370439 0.040582 0.0437911
2 0.478113 0.939615 0.0443875 0.0486244
2 0.715791 0.57879 0.0388451 0.0476615
2 0.693677 0.421829 0.0423578 0.0492035
2 0.958964 0.130808 0.0458565 0.0458121
2 0.369103 0.922438 0.0481989 0.0427971
2 0.182505 0.967069 0.0437403 0.0488342
2 0.596632 0.475175 0.0408764 0.037535
2 0.910846 0.912542 0.0416008 0.0478831
2 0.537352 0.541853 0.0461078 0.0445771
2 0.217905 0.414566 0.0501524 0.0416849
2 0.230363 0.456655 0.0519724 0.0427059
2 0.152283 0.398654 0.0496803 0.0474033
2 0.833951 0.703111 0.0490784 0.0439923
2 0.742129 0.4861 0.0449423 0.0452887
2 0.846152 0.791245 0.0470544 0.0467673
2 0.588205 0.742621 0.0427091 0.0488567
2 0.577583 0.388834 0.0453652 0.0474219
2 0.527926 0.841248 0.0440707 0.0485596
2 0.350617 0.605462 0.0471885 0.0474533
2 0.0702707 0.891494 0.0385701 0.0454085
2 0.193549 0.370284 0.0469859 0.0478751
2 0.345583 0.305912 0.0515313 0.0419985
2 0.833956 0.420938 0.0444501 0.0427554
2 0.818973 0.114006 0.0438841 0.0494307
2 0.65378 0.769929 0.0443864 0.0494087
2 0.701261 0.0969588 0.0451615 0.0369693
2 0.0774272 0.562936 0.0457953 0.049397
2 0.543574 0.647669 0.0436328 0.0502541
2 0.0833364 0.828087 0.0443652 0.0498469
2 0.536731 0.477231 0.0425426 0.0381742
2 0.287399 0.866755 0.0448882 0.0467567
2 0.74414 0.432244 0.0430872 0.0456296
2 0.213897 0.313077 0.0502518 0.0432078
2 0.457742 0.326731 0.0394748 0.0483441
2 0.661157 0.990177 0.0466013 0.0194454
2 0.49092 0.586218 0.0487947 0.0457924
2 0.675103 0.579533 0.0421473 0.0482018
2 0.700924 0.935437 0.0357165 0.0455744
2 0.0820861 0.989239 0.0424824 0.0215227
2 0.122799 0.450881 0.0465554 0.0499845
2 0.878828 0.82958 0.0487269 0.0449865
2 0.123537 0.557135 0.0424975 0.0531233
0 0.819674 0.32126 0.0479402 0.0417103
2 0.463548 0.104907 0.0435903 0.0511869
2 0.471221 0.543965 0.0467893 0.0494125
2 0.643669 0.458873 0.0488789 0.0477636
2 0.275801 0.801415 0.0464996 0.0487599
2 0.909339 0.550083 0.0431363 0.0449061
2 0.0462492 0.963791 0.0460996 0.0501524
2 0.638367 0.263354 0.0417177 0.052417
2 0.557193 0.34165 0.048317 0.0484171
2 0.955535 0.742208 0.0453736 0.0454444
2 0.854847 0.546754 0.0459554 0.0461605
2 0.484896 0.41185 0.0439991 0.0502215
2 0.65008 0.41218 0.044378 0.0458099
2 0.754534 0.390119 0.044311 0.0408044
2 0.579141 0.836125 0.0473456 0.0455774
2 0.556907 0.786075 0.047977 0.0449618
2 0.984465 0.174499 0.0310709 0.0515205
2 0.531389 0.384454 0.0437497 0.0461739
2 0.865685 0.285703 0.0476079 0.0422601
2 0.0980053 0.503076 0.0466922 0.0479954
2 0.600713 0.882077 0.043083 0.0439512
2 0.630689 0.731208 0.0404278 0.0489032
2 0.458198 0.164169 0.0466121 0.0490449
2 0.832739 0.188949 0.0443499 0.0456413
2 0.771466 0.702723 0.0488673 0.0430338
2 0.740504 0.0394082 0.0437861 0.0474947
2 0.834067 0.645367 0.0467908 0.0460149
2 0.266185 0.91297 0.0441882 0.0494745
2 0.792521 0.420916 0.0385169 0.0504815
2 0.228031 0.9566 0.0429913 0.0501219
2 0.784129 0.833188 0.0459998 0.0396398
2 0.311246 0.648037 0.0431443 0.0531097
2 0.311849 0.705211 0.0431871 0.04904
2 0.10926 0.881904 0.0431537 0.0488261
2 0.783749 0.643239 0.0451043 0.0454254
2 0.882636 0.588471 0.0499668 0.041705
2 0.873428 0.661696 0.0419961 0.0467168
2 0.49216 0.355497 0.0395823 0.0495248
2 0.974244 0.033738 0.043254 0.0514749
2 0.394656 0.593606 0.0388498 0.0410131
2 0.794431 0.745799 0.0413495 0.0461553
2 0.642305 0.615431 0.0435385 0.048896
2 0.157814 0.930163 0.0492019 0.0436732
2 0.500128 0.303322 0.0490616 0.0425939
2 0.986155 0.462033 0.0276899 0.0434711
2 0.898703 0.466053 0.0404019 0.0421473
2 0.866994 0.933782 0.0424283 0.0480114
2 0.357429 0.711344 0.0420183 0.0496681
2 0.954943 0.875111 0.0423053 0.0318556
2 0.166383 0.559961 0.0391391 0.0468371
2 0.423765 0.862579 0.0434349 0.0332111
2 0.667426 0.514462 0.0407773 0.0439573
2 0.634262 0.860191 0.0440543 0.0334188
2 0.193328 0.827215 0.0460787 0.0313719
2 0.741116 0.63413 0.0419115 0.0435079
2 0.98292 0.0823875 0.0341607 0.0461787
2 0.320176 0.794388 0.0365613 0.0442822
2 0.603753 0.589339 0.0453457 0.0329409
2 0.233338 0.61232 0.0532956 0.0426598
2 0.763489 0.87112 0.0393529 0.0473025
2 0.449885 0.377444 0.0439241 0.0495304
2 0.389993 0.474335 0.0421315 0.0335698
2 0.847353 0.747204 0.049724 0.0409023
2 0.330756 0.751822 0.0422582 0.0408322
2 0.71015 0.52032 0.0446782 0.0431177
2 0.302478 0.502157 0.0478835 0.0406564
2 0.906542 0.96275 0.0429708 0.0516925
2 0.904834 0.62558 0.048246 0.0445
2 0.637705 0.545376 0.0405677 0.0466142
2 0.23864 0.774094 0.0423637 0.0482198
2 0.638412 0.821309 0.0435809 0.046942
2 0.644824 0.900325 0.0448712 0.0455348
2 0.653335 0.372751 0.0393408 0.0383314
2 0.453892 0.823022 0.0470454 0.0457756
2 0.765365 0.259784 0.0404296 0.0494031
2 0.840437 0.0665731 0.0418755 0.0500887
2 0.876359 0.980907 0.0335993 0.0381015
2 0.464276 0.891189 0.0430005 0.0473975
2 0.857382 0.159821 0.0390887 0.0480797
2 0.415772 0.548756 0.0479312 0.0436435
2 0.332557 0.991559 0.0453401 0.0168813
2 0.943119 0.0721697 0.0415686 0.0481206
2 0.720294 0.232175 0.048586 0.043496
0 0.535267 0.177061 0.0510267 0.0475905
2 0.986368 0.823635 0.0272647 0.0513662
2 0.806617 0.269589 0.0431128 0.0469513
2 0.397254 0.78471 0.0419325 0.0494427
2 0.907868 0.198545 0.041212 0.0456998
2 0.881632 0.719739 0.0424824 0.0420214
2 0.752483 0.755627 0.043589 0.0433062
2 0.708285 0.37341 0.0466491 0.0412092
2 0.801013 0.359268 0.0443379 0.0455795
2 0.710898 0.781405 0.0422567 0.0431753
2 0.662804 0.311341 0.0448411 0.0401014
2 0.944648 0.701606 0.0318038 0.0425819
2 0.354819 0.881745 0.0347857 0.0426495
2 0.345578 0.453417 0.0431063 0.0487976
2 0.785278 0.972193 0.0458688 0.0302292
2 0.406017 0.682969 0.0479621 0.0438209
2 0.189305 0.531303 0.0498821 0.0394035
2 0.34176 0.261048 0.0410079 0.0464407
2 0.4186 0.499189 0.0483005 0.0437204
2 0.197676 0.490847 0.0500052 0.0453456
2 0.773045 0.314681 0.0438968 0.0460163
2 0.946766 0.65631 0.0470645 0.0479117
2 0.396103 0.633234 0.0490563 0.0428464
2 0.906156 0.743515 0.0483958 0.0421203
2 0.356151 0.404435 0.038232 0.0448119
0 0.990629 0.660372 0.018742 0.0491702
2 0.609227 0.927186 0.0435577 0.0500051
2 0.95084 0.547002 0.0383841 0.0511843
2 0.909791 0.684095 0.039827 0.0472153
2 0.432904 0.594539 0.0375214 0.044786
0 0.692462 0.820788 0.0424819 0.0464015
2 0.677557 0.872508 0.0402489 0.0486242
2 0.488534 0.647265 0.0417024 0.0471768
2 0.607658 0.0893108 0.0464181 0.0451235
2 0.78021 0.992711 0.0378053 0.0145771
0 0.823999 0.840783 0.0432052 0.0464422
2 0.371483 0.755352 0.0390702 0.0381432
2 0.342267 0.505134 0.0318893 0.0450696
2 0.202111 0.859457 0.0442491 0.0444847
2 0.713635 0.883281 0.0336068 0.0439666
0 0.504446 0.502386 0.0506554 0.0434847
2 0.939877 0.983636 0.0444085 0.0327275
2 0.950644 0.192059 0.0405664 0.0475899
2 0.783151 0.0827321 0.0428784 0.0456705
2 0.989301 0.750553 0.0213977 0.0495249
2 0.593189 0.62214 0.0441882 0.0444867
2 0.725067 0.845113 0.0467706 0.0421092
2 0.925943 0.156905 0.0370845 0.0450659
2 0.674151 0.14311 0.0426514 0.0426178
2 0.558937 0.881016 0.0409237 0.0475471
2 0.700189 0.261662 0.0396066 0.0412989
2 0.481705 0.847629 0.0454685 0.0437269
2 0.909021 0.322702 0.042548 0.0465711
0 0.867014 0.323669 0.0462583 0.0400687
2 0.513518 0.622745 0.0389661 0.040833
2 0.154103 0.683184 0.0468497 0.0601119
2 0.919775 0.507162 0.0438223 0.042696
2 0.951034 0.912601 0.0420565 0.0484693
2 0.452882 0.691946 0.0459003 0.0470495
2 0.701674 0.177233 0.0445878 0.0470237
2 0.777806 0.929923 0.0418618 0.0416982
2 0.800881 0.681187 0.0395888 0.0405573
2 0.679933 0.340146 0.0478645 0.0432925
2 0.664761 0.935309 0.0378313 0.040327
2 0.437279 0.232843 0.0423833 0.0485463
2 0.725566 0.286148 0.0462629 0.0423058
2 0.560219 0.501498 0.0432514 0.0449698
2 0.408069 0.399989 0.045116 0.0403042
0 0.303263 0.273613 0.0490372 0.0439203
2 0.275291 0.750842 0.0462365 0.0448578
2 0.430929 0.278733 0.0423969 0.0400897
2 0.97855 0.698053 0.0412826 0.0511475
2 0.732331 0.924928 0.0338302 0.0481485
2 0.372558 0.226187 0.0460607 0.0558289
2 0.99559 0.60959 0.00881973 0.0403893
2 0.405148 0.246329 0.048659 0.0415341
2 0.30115 0.539045 0.0443808 0.0403061
2 0.988653 0.874568 0.0226933 0.0450492
2 0.751325 0.167318 0.0451848 0.0433162
2 0.452857 0.621814 0.0440409 0.0468733
2 0.680389 0.968237 0.0478234 0.0353236
2 0.432078 0.659147 0.0459421 0.0334574
2 0.152508 0.712004 0.0435951 0.0362241
2 0.751544 0.126492 0.040943 0.039812
0 0.995547 0.373222 0.00890596 0.0362567
2 0.314057 0.468522 0.0392285 0.0437401
2 0.613817 0.49968 0.0499086 0.0405893
0 0.418901 0.899525 0.0441429 0.0426755
2 0.375404 0.505005 0.0398709 0.0468843
2 0.593485 0.541415 0.0474995 0.0457242
2 0.733573 0.349184 0.0458476 0.0406836
2 0.384402 0.875028 0.0369042 0.0477809
2 0.991761 0.322668 0.0164775 0.0437286
0 0.593304 0.541949 0.0477736 0.0456145
2 0.448624 0.425756 0.0377696 0.0314592
