1 0.119967 0.426696 0.0292229 0.0370185
1 0.153655 0.816003 0.0312687 0.0358143
1 0.86214 0.276358 0.0304131 0.034845
1 0.0512013 0.565597 0.0280141 0.0399296
1 0.252452 0.896666 0.0315527 0.0319629
1 0.744945 0.777735 0.0285089 0.0397467
1 0.871357 0.171569 0.033078 0.0319187
1 0.23618 0.522433 0.0307699 0.034119
1 0.237235 0.438328 0.0295744 0.0368531
1 0.152745 0.662586 0.0276588 0.0387179
0 0.672988 0.424501 0.0293327 0.0338571
1 0.0623186 0.528879 0.0336051 0.0336797
1 0.270994 0.315589 0.0342767 0.0352446
1 0.623504 0.626232 0.0287025 0.0342203
1 0.312044 0.40865 0.0254062 0.0371731
1 0.0604309 0.337259 0.0291045 0.0342702
1 0.301237 0.508353 0.0338201 0.0337035
1 0.804169 0.0390653 0.0266984 0.0417606
1 0.829078 0.138985 0.0296176 0.0331483
1 0.111374 0.654612 0.0328173 0.038584
1 0.222372 0.192259 0.0346605 0.0353997
1 0.892724 0.0886584 0.0268305 0.0335298
1 0.0945582 0.382152 0.0314713 0.0352865
1 0.800994 0.259914 0.0261328 0.0407395
1 0.312586 0.575005 0.0321119 0.0343346
1 0.229367 0.565791 0.0280051 0.0328802
1 0.153234 0.849038 0.0350689 0.0323123
1 0.285236 0.274133 0.0326239 0.0359921
1 0.617635 0.385576 0.0296753 0.0405637
1 0.190846 0.0944635 0.0313877 0.036843
1 0.128429 0.689085 0.0329526 0.035925
1 0.810205 0.373604 0.0267635 0.0361204
1 0.148164 0.58328 0.0303408 0.0352987
1 0.286824 0.412469 0.0266523 0.0363591
1 0.0553833 0.28078 0.0314052 0.0400465
1 0.343697 0.585594 0.0285627 0.0365787
1 0.292244 0.548634 0.0280057 0.0350048
1 0.837036 0.377477 0.0279571 0.030682
1 0.391108 0.0607961 0.0318901 0.0389154
1 0.269776 0.363878 0.0333915 0.0359768
1 0.113002 0.715893 0.0332385 0.0340956
1 0.294263 0.448708 0.0299219 0.0360082
1 0.75267 0.258701 0.0269353 0.0381263
1 0.023095 0.621135 0.0304593 0.0392443
1 0.602398 0.651595 0.0286346 0.0378456
1 0.267006 0.533485 0.0312852 0.0373585
1 0.171386 0.722084 0.0270007 0.0336862
1 0.586163 0.505134 0.0286968 0.037032
1 0.13214 0.495152 0.0312722 0.030705
1 0.604038 0.68948 0.029229 0.0370117
1 0.371759 0.662462 0.0310604 0.0421853
1 0.187606 0.856666 0.0304651 0.0400248
1 0.772246 0.136794 0.0276962 0.0386034
1 0.720419 0.710167 0.0323532 0.030016
1 0.627903 0.419317 0.0291012 0.0364261
1 0.896756 0.593495 0.0263927 0.0373846
1 0.627513 0.756204 0.0311368 0.0316938
1 0.777331 0.706739 0.0289927 0.0301776
1 0.0604123 0.729981 0.0276538 0.0376464
1 0.786695 0.354089 0.030247 0.0320314
1 0.148221 0.623691 0.0320689 0.0362249
1 0.20168 0.522416 0.0310238 0.0402423
1 0.785259 0.206904 0.0299397 0.039961
1 0.930574 0.224881 0.0306315 0.0341595
1 0.920886 0.708104 0.0300108 0.0357446
1 0.537874 0.719366 0.0257917 0.0311695
1 0.170872 0.533368 0.0300551 0.0393841
1 0.794651 0.632627 0.0254867 0.0337483
1 0.687977 0.713177 0.0325066 0.0362578
1 0.148456 0.45656 0.028772 0.0382724
1 0.224401 0.356207 0.0336058 0.0339674
1 0.624421 0.570109 0.0240771 0.0320963
1 0.260101 0.499797 0.0296533 0.0332843
1 0.241449 0.381574 0.0321358 0.0330297
1 0.279557 0.602221 0.0346633 0.0348731
1 0.774949 0.854552 0.0315841 0.0373882
1 0.87861 0.427256 0.0271733 0.030962
1 0.0806929 0.630974 0.0280948 0.0401924
1 0.0329983 0.327753 0.0296925 0.036753
1 0.955196 0.47304 0.0292274 0.0379846
1 0.776996 0.270226 0.0257462 0.0368681
1 0.182667 0.489813 0.0340325 0.0313225
1 0.848591 0.419433 0.0321775 0.0325459
1 0.0354742 0.365494 0.0324873 0.0377679
1 0.241054 0.227503 0.0322616 0.0340372
1 0.316229 0.0742876 0.0337624 0.0386499
1 0.409217 0.917488 0.0337624 0.0389518
1 0.0853774 0.729962 0.0231058 0.0366774
1 0.342684 0.238138 0.0328491 0.0377527
1 0.228818 0.607894 0.031652 0.0412539
1 0.676621 0.639989 0.0288879 0.0336359
1 0.780733 0.782236 0.0312555 0.0377878
1 0.250096 0.269226 0.0353412 0.0408116
1 0.917243 0.0986812 0.025667 0.0348272
1 0.842137 0.635775 0.0384761 0.035478
1 0.585951 0.717673 0.0277809 0.0393819
1 0.600772 0.356609 0.0280551 0.0375513
1 0.826237 0.264871 0.0253736 0.0323836
1 0.344937 0.810138 0.0278229 0.0385386
1 0.791778 0.102594 0.0283918 0.0377279
1 0.901121 0.233129 0.0301862 0.0332339
1 0.679777 0.284242 0.0261738 0.0311362
1 0.772364 0.55009 0.0307635 0.0376598
1 0.666611 0.105359 0.0301416 0.0403968
1 0.217356 0.287435 0.0333913 0.035283
1 0.0285227 0.542537 0.0337727 0.0352748
1 0.223241 0.492336 0.0268271 0.0367203
1 0.925939 0.592563 0.0317497 0.0352353
1 0.627422 0.662056 0.0264316 0.0358122
1 0.177013 0.215574 0.0318174 0.0384505
1 0.530321 0.629574 0.0355142 0.0276783
1 0.600941 0.474359 0.0290815 0.0344092
1 0.838305 0.525585 0.0285479 0.0334947
1 0.977101 0.0430493 0.0326627 0.0392224
1 0.436853 0.0227701 0.0287862 0.0366038
1 0.712168 0.0179128 0.0272768 0.0358256
1 0.809721 0.485457 0.0345018 0.0348398
1 0.200265 0.460713 0.0293982 0.0357842
1 0.673133 0.374199 0.0269668 0.0375142
1 0.352008 0.53073 0.0304258 0.0379049
1 0.895131 0.118218 0.0298892 0.0273432
1 0.586876 0.61865 0.0351369 0.0358817
1 0.0470406 0.40099 0.0355402 0.0390961
1 0.315215 0.687309 0.0300111 0.03725
1 0.754021 0.0316638 0.0296728 0.0321219
1 0.72277 0.503057 0.0299428 0.0317925
1 0.711927 0.128676 0.0291743 0.0333468
1 0.387058 0.896095 0.0285232 0.0390496
1 0.257885 0.4119 0.0299634 0.0370727
1 0.332439 0.656098 0.0266027 0.0380772
1 0.684352 0.507629 0.0230133 0.0291562
1 0.0566343 0.435583 0.0356163 0.036795
1 0.68526 0.142139 0.0277884 0.0413673
1 0.0729494 0.593144 0.0300297 0.0366329
1 0.548782 0.591516 0.0323714 0.0321998
1 0.173274 0.397154 0.0327021 0.0341121
1 0.714077 0.340818 0.0281148 0.0371887
1 0.631527 0.694438 0.0270813 0.0335209
1 0.770337 0.305976 0.0299321 0.0352756
1 0.624549 0.907603 0.0305359 0.0392678
1 0.866675 0.531824 0.0276105 0.0388759
1 0.425497 0.500994 0.0287924 0.040097
1 0.605758 0.735677 0.0280688 0.0347719
1 0.767775 0.0613058 0.0297569 0.0353933
1 0.796499 0.322853 0.02746 0.0350486
1 0.75011 0.713029 0.0254023 0.0370822
1 0.447674 0.513631 0.0214245 0.0371768
1 0.259761 0.575705 0.0346491 0.0353949
1 0.898866 0.44966 0.0308572 0.0311392
1 0.130866 0.550855 0.0336074 0.0381114
1 0.975885 0.445519 0.0244056 0.0333508
1 0.942542 0.670176 0.035243 0.0360305
1 0.73892 0.121367 0.0319415 0.0376881
1 0.943785 0.257994 0.0292735 0.0318722
1 0.794499 0.733796 0.0281504 0.0368811
1 0.922712 0.30574 0.0249479 0.0280642
1 0.124565 0.781827 0.0282088 0.0254836
1 0.124723 0.810353 0.0283444 0.0322258
1 0.726612 0.263294 0.0269168 0.0369427
1 0.475576 0.0238294 0.0315182 0.0408386
1 0.647869 0.558407 0.0229369 0.0349525
1 0.693137 0.580655 0.0281581 0.0387543
1 0.749026 0.165846 0.0328782 0.0344531
1 0.658418 0.143203 0.027814 0.0424554
1 0.774186 0.677346 0.0327406 0.0320083
1 0.0389913 0.467958 0.031784 0.0371906
1 0.875438 0.610673 0.0253713 0.036823
1 0.403901 0.224464 0.0274193 0.034891
1 0.855902 0.455012 0.0266189 0.0356031
1 0.979743 0.380944 0.0289785 0.0312153
0 0.443203 0.554219 0.0344948 0.0239515
1 0.478821 0.0912982 0.0325462 0.0432574
1 0.825078 0.448316 0.0303707 0.0353475
1 0.423511 0.643645 0.0309142 0.0337645
1 0.28489 0.12849 0.030403 0.0384962
1 0.374664 0.109821 0.0335358 0.039056
1 0.809279 0.223442 0.0261159 0.0350356
1 0.256695 0.180254 0.03607 0.0459894
1 0.646751 0.916685 0.0200915 0.0327341
1 0.590982 0.772226 0.0298507 0.0427119
1 0.654511 0.194581 0.0319606 0.041241
1 0.204952 0.815899 0.0332832 0.0333408
1 0.577923 0.451598 0.0328979 0.0301788
1 0.0607879 0.659303 0.0290394 0.0361472
1 0.705291 0.163104 0.0278269 0.0338315
1 0.688967 0.228853 0.0277049 0.0375671
1 0.84274 0.674492 0.0235392 0.0357793
1 0.600483 0.429637 0.0279654 0.0339428
1 0.685535 0.754307 0.0247798 0.0359072
1 0.225795 0.710817 0.0347734 0.0325668
1 0.598909 0.811095 0.0325037 0.0367894
1 0.645466 0.504163 0.0332408 0.0326995
1 0.728395 0.0445934 0.0262423 0.0379267
1 0.873065 0.310818 0.0250506 0.0389718
1 0.896293 0.30146 0.0264492 0.0385974
1 0.0537331 0.624654 0.0309906 0.0355948
1 0.818425 0.618021 0.0261845 0.0316686
1 0.850709 0.316443 0.0216028 0.0306991
1 0.835612 0.232945 0.02873 0.0325177
1 0.922131 0.276758 0.026805 0.0293041
1 0.906699 0.26507 0.0304051 0.0326782
1 0.404877 0.662021 0.0191214 0.0301306
1 0.656856 0.527135 0.0315549 0.0275383
1 0.356826 0.174353 0.031273 0.0398959
1 0.561749 0.719915 0.0220662 0.0346819
1 0.655338 0.355263 0.0247434 0.0335569
1 0.713796 0.560771 0.0248337 0.0204824
1 0.689633 0.474687 0.0313677 0.0322935
1 0.641453 0.97823 0.0244946 0.0288494
1 0.462511 0.489614 0.0290107 0.0369439
1 0.492698 0.655687 0.0371136 0.0390932
1 0.952863 0.434332 0.0281252 0.0383934
1 0.86481 0.568737 0.0268981 0.0359607
1 0.866341 0.345529 0.0232707 0.0305651
1 0.832266 0.199616 0.0354665 0.0295987
1 0.110399 0.577433 0.035441 0.0360013
1 0.755521 0.201541 0.0294391 0.0327279
1 0.84706 0.608877 0.0299994 0.0298915
1 0.696977 0.386292 0.0253164 0.0334301
1 0.685701 0.0222772 0.0247993 0.035849
1 0.348029 0.774937 0.0237998 0.0282891
1 0.249573 0.470039 0.0330086 0.0319351
1 0.479513 0.369093 0.0292593 0.0395869
1 0.703743 0.273525 0.0259045 0.0380829
1 0.945239 0.374499 0.032475 0.0408037
1 0.65343 0.273486 0.0302075 0.0361118
1 0.367992 0.791973 0.0273894 0.0345917
1 0.66984 0.612484 0.0264223 0.0286793
1 0.257178 0.633667 0.0323793 0.035617
1 0.921496 0.472599 0.0271582 0.0342612
1 0.801797 0.695068 0.0247739 0.033515
1 0.860646 0.139973 0.0315969 0.0351825
1 0.807128 0.574081 0.0329984 0.0330357
1 0.840924 0.169727 0.0285207 0.0354656
1 0.661136 0.583682 0.0222812 0.0338921
1 0.693829 0.309852 0.029046 0.0347305
1 0.894822 0.202775 0.0269697 0.0325795
1 0.150539 0.777552 0.0297175 0.0370803
1 0.306827 0.167802 0.02964 0.0329568
1 0.601822 0.558176 0.0239213 0.0372329
1 0.926438 0.443748 0.0270085 0.0329278
1 0.0571391 0.694603 0.0242071 0.0347931
1 0.815381 0.671794 0.0270586 0.021362
1 0.574699 0.549462 0.0317941 0.0360029
1 0.759537 0.00812974 0.0294998 0.0162595
1 0.765479 0.0990791 0.0240183 0.0378288
1 0.0291679 0.670808 0.0359748 0.0339941
1 0.824766 0.697013 0.0195524 0.0316974
1 0.299559 0.801805 0.0288605 0.035336
1 0.780308 0.0293267 0.0243299 0.0367498
1 0.274629 0.237115 0.0335991 0.0305285
1 0.816785 0.545906 0.0336443 0.0310938
1 0.6144 0.781274 0.0213107 0.0321462
1 0.10429 0.607662 0.0295564 0.0320988
1 0.201296 0.239252 0.0309717 0.0378655
1 0.510041 0.72381 0.0307982 0.0354107
1 0.655073 0.0219139 0.0367734 0.0392897
1 0.0252957 0.508948 0.0344688 0.0365006
1 0.880243 0.504192 0.0344436 0.0440849
1 0.836325 0.58072 0.0258317 0.0328428
1 0.294447 0.639951 0.0383678 0.0352309
1 0.152681 0.745224 0.0323538 0.0260021
1 0.732732 0.54771 0.022098 0.0331506
1 0.0783033 0.693726 0.0243377 0.0397766
1 0.741768 0.0793812 0.026813 0.0412669
1 0.642103 0.602627 0.0264422 0.0348642
1 0.571654 0.348867 0.0302849 0.0420373
1 0.729654 0.734327 0.0315489 0.0257848
1 0.369276 0.0172955 0.0369245 0.034591
1 0.691526 0.612121 0.0178177 0.0253469
1 0.534262 0.766518 0.0281125 0.0257715
1 0.90365 0.488795 0.0297651 0.03764
1 0.956168 0.327269 0.0304028 0.0225044
1 0.575274 0.040052 0.035717 0.0450722
1 0.838938 0.483528 0.0255134 0.040098
1 0.714709 0.533681 0.0208557 0.0335514
1 0.806015 0.178651 0.0296165 0.036232
1 0.764963 0.620818 0.0341059 0.0257163
1 0.795087 0.45016 0.0303525 0.0324109
1 0.80045 0.136657 0.0288317 0.0353232
1 0.854987 0.242211 0.0216913 0.0349747
1 0.812646 0.416035 0.033371 0.0405666
1 0.767837 0.644681 0.0326644 0.0277463
1 0.733185 0.00864477 0.0287877 0.0172895
1 0.883611 0.369398 0.020655 0.0383573
1 0.15518 0.71609 0.0265771 0.0452322
0 0.698961 0.0539875 0.0299558 0.0335678
1 0.696916 0.531968 0.0203438 0.0369443
1 0.844433 0.345631 0.0240067 0.0329382
1 0.915953 0.549224 0.0305659 0.030212
1 0.773347 0.394189 0.0361886 0.0375482
1 0.638109 0.366008 0.0264631 0.0358631
1 0.694745 0.103364 0.0284164 0.0366054
1 0.837053 0.286405 0.0220241 0.032021
1 0.692079 0.194382 0.034451 0.0309464
1 0.105928 0.763423 0.0474691 0.0362856
1 0.852681 0.724011 0.0311683 0.0247341
1 0.649199 0.448748 0.0430407 0.0459846
1 0.419016 0.545166 0.023238 0.0308097
1 0.514567 0.752286 0.0311117 0.0257531
0 0.874075 0.0262181 0.0331822 0.0428107
1 0.582691 0.585 0.0334342 0.0338074
1 0.905431 0.37927 0.0238494 0.0357917
1 0.946388 0.285879 0.0285121 0.0241988
1 0.953553 0.304718 0.0378904 0.0226435
1 0.724742 0.611659 0.035202 0.0386326
1 0.772162 0.737489 0.0259017 0.0326491
1 0.720109 0.597958 0.0345655 0.0314035
1 0.860252 0.397331 0.0298825 0.0298369
0 0.201501 0.572868 0.0332736 0.0293453
1 0.350625 0.644334 0.024663 0.0381172
1 0.708764 0.625032 0.0207637 0.029426
1 0.657397 0.309551 0.0329745 0.0359167
1 0.863868 0.106087 0.0310069 0.0369764
1 0.876661 0.469067 0.0266103 0.0307707
1 0.666826 0.248631 0.0294174 0.0326059
1 0.439878 0.574363 0.0275603 0.0196791
1 0.929032 0.328074 0.024015 0.0207979
1 0.724102 0.193783 0.0311233 0.0412764
1 0.865727 0.0696188 0.0340868 0.0347303
1 0.857 0.234051 0.0197347 0.0275335
1 0.774938 0.589071 0.0332987 0.0364576
1 0.722635 0.665487 0.0214966 0.0408276
1 0.945914 0.561502 0.0284424 0.0250132
1 0.813972 0.297865 0.0290487 0.036138
1 0.73732 0.64155 0.0334508 0.0252243
1 0.819744 0.650423 0.0305657 0.0227393
1 0.678132 0.0706917 0.0236292 0.0333734
1 0.908647 0.341771 0.0168156 0.0327347
1 0.706934 0.743936 0.022921 0.0341485
1 0.673728 0.542554 0.0260062 0.0320221
1 0.612217 0.594474 0.0249003 0.0304409
1 0.707045 0.678511 0.0238009 0.0375636
1 0.772949 0.236392 0.028731 0.0301065
1 0.0683923 0.648316 0.0348871 0.0311606
1 0.316614 0.820537 0.0256505 0.0215601
1 0.685273 0.446578 0.024956 0.0251379
1 0.826076 0.333625 0.0280838 0.039204
1 0.636686 0.838816 0.0327652 0.0427327
1 0.881133 0.690383 0.0243855 0.0356563
1 0.697754 0.650771 0.0236187 0.0217512
1 0.29843 0.190521 0.0307831 0.0256531
1 0.925632 0.351077 0.0179785 0.0216796
0 0.636617 0.838942 0.032858 0.0427319
1 0.8923 0.401838 0.0313807 0.0272075
1 0.119733 0.572481 0.0315702 0.0310966
1 0.667387 0.803402 0.0288886 0.0350129
1 0.644899 0.970917 0.0288794 0.0306613
1 0.890864 0.340021 0.0243935 0.0294472
1 0.856405 0.704519 0.0279755 0.0296624
1 0.881371 0.600578 0.0199627 0.0442234
1 0.780452 0.215958 0.0342511 0.0384686
1 0.920946 0.518631 0.0315055 0.0316147
1 0.738195 0.67545 0.0211174 0.0399664
1 0.701662 0.784019 0.0151334 0.0240761
1 0.865552 0.2076 0.0285649 0.0331232
1 0.931562 0.39607 0.0313363 0.0254795
1 0.655323 0.964164 0.0248894 0.0336456
1 0.858148 0.227625 0.0166928 0.0152264
1 0.683097 0.568218 0.0258824 0.0293527
