2 0.170817 0.558341 0.0574023 0.0459931
2 0.112302 0.915208 0.0593381 0.0458717
2 0.459656 0.847115 0.0491086 0.0374761
2 0.144927 0.372261 0.0450645 0.054921
2 0.738499 0.690829 0.0581243 0.0426961
2 0.0421286 0.0407231 0.05019 0.0545154
2 0.450658 0.553441 0.0477733 0.0440068
2 0.39081 0.578317 0.0498324 0.0554802
2 0.757873 0.413977 0.0474197 0.0566477
2 0.891664 0.597579 0.0534103 0.0399091
2 0.523367 0.678548 0.0506222 0.0538528
2 0.901448 0.63839 0.0563295 0.0413003
2 0.181074 0.615438 0.0528053 0.0477979
2 0.0733242 0.85902 0.0552962 0.0472149
2 0.220829 0.125505 0.0511626 0.0505443
2 0.369234 0.449662 0.0514248 0.0491259
2 0.964906 0.978997 0.0593416 0.0416128
2 0.124459 0.524628 0.0532786 0.0420566
2 0.70946 0.852147 0.0572814 0.043321
2 0.580567 0.485017 0.0492781 0.0487877
2 0.803438 0.978758 0.0555496 0.0415372
2 0.268781 0.876572 0.0553767 0.0481565
2 0.100972 0.0364816 0.0485821 0.0525848
2 0.016965 0.509079 0.0339301 0.0438038
2 0.233478 0.770201 0.0545257 0.0477542
2 0.645002 0.762142 0.0567094 0.0462156
2 0.3598 0.686171 0.0474197 0.0552038
2 0.724139 0.647162 0.0523351 0.0411897
2 0.458684 0.802741 0.0541338 0.043943
2 0.345629 0.607626 0.0473237 0.0554319
2 0.521198 0.477154 0.0469531 0.0457665
2 0.291498 0.59502 0.0467859 0.052241
2 0.182315 0.509923 0.0529023 0.0473629
2 0.585163 0.974138 0.0533407 0.047854
2 0.480557 0.760662 0.0456519 0.0527804
2 0.267341 0.822338 0.0559932 0.0496811
2 0.265237 0.676224 0.0544776 0.0500984
2 0.0440557 0.444226 0.0494512 0.0527466
2 0.712164 0.424309 0.0429153 0.0552622
2 0.123216 0.431291 0.0542221 0.0456146
2 0.253615 0.373765 0.0563352 0.0444495
2 0.673038 0.656625 0.0497057 0.0529587
2 0.438558 0.0999205 0.0524728 0.0497348
2 0.470132 0.209074 0.0463118 0.0517348
2 0.234767 0.980248 0.0569359 0.0395041
2 0.467858 0.645825 0.0479788 0.0526988
2 0.791027 0.935984 0.0468839 0.0447599
2 0.450733 0.459546 0.0459144 0.0519015
2 0.639294 0.96655 0.0545905 0.0439728
2 0.578886 0.258868 0.0537241 0.0467285
2 0.24118 0.71971 0.0496566 0.0508855
2 0.537617 0.923083 0.0524196 0.0485695
2 0.830285 0.823189 0.0557181 0.0391089
2 0.112323 0.478598 0.0490489 0.0471775
2 0.958104 0.808263 0.0568407 0.0457428
2 0.228564 0.910958 0.0536849 0.0480367
2 0.222596 0.458784 0.0516407 0.0477354
2 0.22113 0.184898 0.0472102 0.0576286
2 0.534359 0.986407 0.0452068 0.0271858
2 0.127843 0.719661 0.0541991 0.0521431
2 0.600405 0.924839 0.0563466 0.0434794
2 0.763683 0.502581 0.0430835 0.048582
2 0.509395 0.333611 0.0453108 0.0520664
2 0.41991 0.667221 0.0547636 0.0472011
2 0.903019 0.984216 0.0550411 0.0314392
2 0.897604 0.937398 0.0505554 0.05273
2 0.612825 0.524222 0.0548352 0.0477766
2 0.412204 0.505713 0.0542192 0.0481611
2 0.135441 0.866201 0.0547261 0.0469111
2 0.530523 0.734746 0.0501028 0.0483243
2 0.385435 0.633802 0.0493014 0.0495181
2 0.912741 0.785038 0.0550736 0.0468349
2 0.33143 0.151947 0.0542012 0.0439714
2 0.855885 0.975787 0.0482715 0.0484268
2 0.462174 0.707205 0.0472196 0.0514331
2 0.669357 0.428473 0.044308 0.0537814
2 0.707588 0.901517 0.0450871 0.0501457
2 0.555646 0.350234 0.0458524 0.0526073
2 0.103481 0.30432 0.0557042 0.0462408
2 0.413956 0.360499 0.0486609 0.0517293
2 0.519652 0.261639 0.0474661 0.0538951
2 0.695086 0.960334 0.0504726 0.0533333
2 0.363336 0.746217 0.0446135 0.0435874
2 0.0800001 0.686261 0.0532888 0.046047
2 0.483238 0.152172 0.049663 0.0588377
2 0.207744 0.413568 0.0560738 0.0461971
2 0.209001 0.0607062 0.0468026 0.0473955
2 0.104554 0.178704 0.0422754 0.0496203
2 0.626859 0.442612 0.0500886 0.0504183
2 0.315991 0.197399 0.0508129 0.0504434
2 0.0450334 0.725916 0.0467992 0.0498292
2 0.650224 0.374655 0.0486149 0.0511051
2 0.713652 0.781678 0.0562254 0.0450036
2 0.556397 0.78916 0.0506676 0.0512812
2 0.720606 0.517989 0.0442008 0.0507488
2 0.750627 0.807227 0.0553922 0.0463219
2 0.0509216 0.907889 0.0547703 0.0484914
2 0.0265559 0.398714 0.0531117 0.0424895
2 0.799876 0.695127 0.0476367 0.0495682
2 0.231386 0.581785 0.0512808 0.0486477
2 0.656658 0.489562 0.0578146 0.0504377
2 0.0640892 0.262252 0.0559459 0.0476343
2 0.0249806 0.600595 0.0499612 0.0500915
2 0.188408 0.820601 0.0502686 0.0527609
2 0.952661 0.939635 0.0547109 0.0424667
2 0.204273 0.670736 0.0542512 0.0451082
2 0.0775456 0.0981912 0.047711 0.0548772
2 0.0852306 0.358617 0.0464496 0.0509906
2 0.00571017 0.973223 0.0114203 0.050601
2 0.546382 0.441738 0.0523826 0.0463212
2 0.195069 0.355003 0.0530445 0.0505635
2 0.760923 0.8983 0.0562748 0.0424927
2 0.371358 0.930802 0.0475971 0.0372809
2 0.390438 0.133215 0.0457875 0.0551609
2 0.532196 0.185412 0.0653745 0.0473957
2 0.0606411 0.152398 0.0481406 0.0512014
2 0.036466 0.549224 0.0532347 0.0441215
2 0.43194 0.952975 0.0562223 0.0413167
2 0.190555 0.722989 0.0488892 0.0499049
2 0.08507 0.604341 0.0486381 0.0494065
2 0.627449 0.27996 0.0519786 0.0476281
2 0.735716 0.989086 0.052865 0.0218281
2 0.454918 0.597345 0.0550149 0.0481289
2 0.63873 0.564855 0.05449 0.0492259
2 0.661192 0.894957 0.048126 0.0531219
2 0.361596 0.791906 0.0508421 0.0479954
2 0.900688 0.725904 0.0513475 0.04692
2 0.318049 0.43402 0.047378 0.0443618
2 0.0360059 0.317232 0.0538651 0.044597
2 0.285169 0.989127 0.0493653 0.0217461
2 0.623812 0.652527 0.0360156 0.0434612
2 0.882562 0.843031 0.0563578 0.0470565
2 0.638354 0.818348 0.0548221 0.0422137
2 0.0438421 0.970952 0.0514966 0.0450798
2 0.13276 0.60154 0.0437808 0.0551362
2 0.0969933 0.558102 0.0511229 0.0455958
2 0.148173 0.665234 0.0551125 0.0461188
2 0.319941 0.963137 0.0503392 0.0445252
2 0.784984 0.65126 0.0535306 0.0417605
2 0.316504 0.479207 0.0562707 0.0454329
2 0.80488 0.459567 0.0454626 0.0533278
2 0.231313 0.635139 0.0503392 0.0488229
2 0.270305 0.939327 0.0507104 0.0485138
2 0.165824 0.312467 0.0570911 0.0469075
2 0.839479 0.606676 0.0569166 0.0462167
2 0.188592 0.955825 0.0532415 0.0467729
2 0.431781 0.15572 0.0446189 0.052053
2 0.695093 0.344165 0.0471756 0.0512597
2 0.140942 0.150369 0.0523782 0.049652
2 0.315946 0.915066 0.0533245 0.0471641
2 0.860962 0.536586 0.0456452 0.0532692
2 0.137424 0.813093 0.0522164 0.0493696
2 0.624222 0.698966 0.0469429 0.0464311
2 0.950005 0.747529 0.055983 0.0452791
2 0.0549882 0.645723 0.0557209 0.0445018
2 0.609947 0.876535 0.0544305 0.0464516
2 0.0197067 0.865858 0.0394133 0.0511754
2 0.8053 0.78655 0.0569932 0.0433253
2 0.293218 0.279403 0.0489497 0.0529734
2 0.577434 0.30459 0.0516478 0.0455271
2 0.158765 0.0438325 0.0504583 0.055693
2 0.808078 0.738777 0.0522263 0.0434089
2 0.585577 0.575287 0.0415614 0.0442064
2 0.571102 0.85505 0.0498635 0.0468864
2 0.17439 0.0972935 0.050474 0.0498891
2 0.957579 0.856508 0.0545621 0.0417521
2 0.302988 0.329947 0.0470097 0.0427274
2 0.272819 0.451797 0.046412 0.0515483
2 0.237032 0.286895 0.0532266 0.0476989
2 0.515208 0.599722 0.0514305 0.0548046
2 0.512688 0.832426 0.0526113 0.0507331
2 0.332305 0.251854 0.0473814 0.0509412
2 0.373398 0.216495 0.0475177 0.0608309
2 0.821337 0.512103 0.0491144 0.0503313
2 0.756741 0.73606 0.0479333 0.0475118
2 0.23413 0.509741 0.0495976 0.0517145
2 0.741215 0.943328 0.0498867 0.0506581
2 0.442159 0.261225 0.0512207 0.0440967
2 0.317053 0.71333 0.0458681 0.0540953
2 0.386239 0.271194 0.0433868 0.04854
2 0.840477 0.91289 0.0498049 0.0496516
2 0.248968 0.238743 0.0560822 0.0458958
2 0.31044 0.791381 0.0457665 0.0436191
2 0.36155 0.517874 0.0443908 0.0511152
2 0.175977 0.197361 0.0452275 0.0547636
2 0.497571 0.975051 0.0467765 0.0463627
2 0.700656 0.605754 0.0519143 0.0474808
2 0.180118 0.901356 0.0463637 0.0556558
2 0.360386 0.372694 0.0474156 0.0498796
2 0.369081 0.965654 0.0527568 0.0407688
2 0.491314 0.434683 0.0475767 0.0441527
2 0.576174 0.722751 0.0473765 0.0520617
2 0.9558 0.898476 0.0554259 0.0409271
2 0.431065 0.738993 0.0398527 0.0487526
2 0.814895 0.873073 0.0551401 0.0461699
2 0.673608 0.991516 0.0479522 0.0169679
2 0.285841 0.756302 0.0464319 0.0520678
2 0.254012 0.0803066 0.0526007 0.048595
2 0.31513 0.379687 0.0419116 0.0522103
2 0.75621 0.464107 0.051255 0.0362646
2 0.334577 0.554762 0.0470739 0.0508871
2 0.135775 0.957237 0.0479649 0.0330638
2 0.00689947 0.917506 0.0137989 0.0454004
2 0.556808 0.63012 0.0467034 0.0502484
2 0.392036 0.402606 0.047719 0.0480876
2 0.835775 0.658074 0.0471456 0.050634
2 0.703618 0.729559 0.05117 0.0473593
2 0.0810885 0.813994 0.0538768 0.0439499
2 0.0263119 0.181941 0.0444338 0.0528596
2 0.861117 0.763125 0.0506044 0.0505725
2 0.131664 0.216371 0.0444854 0.0531963
2 0.162018 0.463977 0.0510252 0.049225
2 0.374467 0.866369 0.0442502 0.0475394
2 0.931216 0.679265 0.0504001 0.0476444
2 0.607602 0.612336 0.0517908 0.0455365
2 0.406375 0.983482 0.0494613 0.0328837
2 0.805937 0.567032 0.052643 0.0383412
2 0.406678 0.83947 0.0493513 0.0484486
2 0.0158262 0.269849 0.0316524 0.049526
2 0.0873771 0.985919 0.0478574 0.0281613
2 0.0733322 0.51408 0.0458579 0.0470259
2 0.0210244 0.817801 0.0420489 0.0457308
2 0.266516 0.156766 0.0493687 0.0491863
2 0.327644 0.871345 0.0471012 0.0444509
2 0.419811 0.221654 0.0446444 0.0513981
2 0.460616 0.306811 0.0489223 0.047155
2 0.0128283 0.705893 0.0256567 0.0494113
2 0.124078 0.0878047 0.0465026 0.0532422
2 0.300327 0.648397 0.0482971 0.0533984
2 0.217972 0.859426 0.0517668 0.0479096
2 0.5306 0.393788 0.0484891 0.0509675
2 0.0854569 0.749645 0.0429019 0.0522072
2 0.771528 0.598796 0.0553543 0.0470555
2 0.0536965 0.787814 0.0488455 0.043124
2 0.481303 0.385172 0.0526352 0.0591469
2 0.542169 0.520578 0.0433813 0.0433485
2 0.459277 0.982019 0.0278347 0.0327637
2 0.2957 0.114691 0.0550495 0.049617
2 0.00858942 0.646535 0.0171788 0.0491617
2 0.284467 0.408292 0.0490233 0.0386138
2 0.48802 0.884516 0.0516298 0.0387144
2 0.083372 0.223304 0.0458898 0.0486052
2 0.662164 0.307279 0.0538767 0.0482119
2 0.855245 0.704357 0.0478201 0.0465156
2 0.50023 0.525566 0.0454432 0.0503023
2 0.913094 0.879224 0.0486935 0.0504187
2 0.16357 0.765526 0.0464145 0.0517934
2 0.12556 0.768709 0.0379564 0.0463579
0 0.753428 0.555 0.0531613 0.050741
2 0.298528 0.523311 0.0443753 0.0421224
2 0.0138453 0.771052 0.0276906 0.0513758
2 0.451884 0.910067 0.050389 0.0448975
2 0.41342 0.888448 0.0528859 0.0436419
2 0.666367 0.706418 0.041401 0.0497927
2 0.587532 0.663382 0.0406468 0.0487084
2 0.775285 0.846749 0.0496256 0.048443
2 0.883667 0.677218 0.044018 0.0388568
0 0.591338 0.401663 0.0538112 0.0430667
2 0.553333 0.226561 0.0502744 0.0491371
2 0.549243 0.567446 0.0417614 0.0448869
2 0.132766 0.986116 0.0458878 0.0276533
2 0.267967 0.202902 0.0403501 0.0452554
2 0.429678 0.458259 0.0609375 0.0499518
2 0.00370582 0.132807 0.00741164 0.0629014
2 0.268423 0.547245 0.0561478 0.0490056
2 0.039014 0.996069 0.0420258 0.00786204
2 0.353986 0.306417 0.0399242 0.0521262
2 0.327462 0.824308 0.0488547 0.0453408
2 0.25749 0.327903 0.0493149 0.0456648
2 0.0126145 0.465174 0.025229 0.0461459
0 0.688477 0.554905 0.0489612 0.0430054
2 0.402284 0.726509 0.0428723 0.0584239
2 0.604015 0.796144 0.0488193 0.0435491
2 0.456403 0.331574 0.0477707 0.0498774
2 0.387808 0.319954 0.048699 0.0447649
0 0.0375642 0.358944 0.0519509 0.0421716
2 0.0153632 0.0800681 0.0307264 0.0566411
2 0.481366 0.931335 0.0397899 0.0500355
2 0.0119009 0.215118 0.0238017 0.044871
0 0.336152 0.996019 0.045465 0.00796138
2 0.392249 0.178488 0.0461862 0.0334155
2 0.462771 0.996253 0.0228673 0.0074932
2 0.0373387 0.359043 0.0527701 0.0422431
