0 0.279238 0.543807 0.0575562 0.0322385
0 0.468537 0.702619 0.0449176 0.0406806
0 0.400444 0.28885 0.0459552 0.0341642
0 0.378537 0.85082 0.05246 0.0379472
0 0.381068 0.668836 0.0502267 0.0342097
0 0.836 0.330582 0.0391286 0.0380055
0 0.165731 0.45672 0.0450776 0.0395272
0 0.544965 0.463623 0.0400776 0.0371699
0 0.316161 0.520183 0.0534423 0.0319557
0 0.375003 0.812248 0.0505253 0.0371341
0 0.13224 0.487529 0.0529017 0.0311487
0 0.517726 0.709742 0.0553644 0.0317121
0 0.348982 0.398329 0.0493281 0.0349791
0 0.310654 0.806455 0.0521518 0.0313731
0 0.294093 0.589184 0.046324 0.0396348
0 0.298791 0.457288 0.0479422 0.0404439
0 0.4467 0.477469 0.0430411 0.0322585
0 0.135396 0.555879 0.0594238 0.0332593
0 0.167808 0.66114 0.0493831 0.0420225
0 0.333672 0.672683 0.0463877 0.0357498
0 0.41272 0.493738 0.0443262 0.0348514
0 0.616616 0.412185 0.0430772 0.0360448
0 0.783197 0.341108 0.0527531 0.0371725
0 0.630665 0.786332 0.0568003 0.0340114
0 0.625498 0.597811 0.0434884 0.0369761
0 0.300725 0.649902 0.0488771 0.0387016
0 0.453319 0.421956 0.0453875 0.0371571
0 0.37199 0.365299 0.0529483 0.0367883
0 0.279247 0.692313 0.0594287 0.0342834
0 0.218673 0.516318 0.0425829 0.0379936
0 0.150516 0.709569 0.0600259 0.0360291
0 0.517812 0.640034 0.0433411 0.0375102
0 0.563021 0.344483 0.054019 0.0376025
0 0.423117 0.691649 0.0494422 0.0332065
0 0.574563 0.698564 0.0465334 0.0390052
0 0.214591 0.364068 0.0552873 0.0328571
0 0.319579 0.776829 0.0541616 0.030884
0 0.457785 0.750838 0.04501 0.0393457
0 0.678319 0.618417 0.0503741 0.0278331
0 0.344228 0.637174 0.0479456 0.0374341
0 0.114875 0.619609 0.0498477 0.0379087
0 0.394202 0.403357 0.0451566 0.0378791
0 0.368075 0.505458 0.047952 0.0456282
0 0.518405 0.85691 0.0392866 0.0335566
0 0.715948 0.593923 0.0424197 0.0385249
0 0.589981 0.493454 0.0387291 0.0369652
0 0.423519 0.377373 0.0483576 0.0314503
0 0.30031 0.395912 0.0472947 0.0393997
0 0.298335 0.3419 0.0563013 0.0310278
0 0.298161 0.733968 0.0420785 0.0415111
0 0.637864 0.696114 0.0510518 0.0383313
0 0.376688 0.46731 0.0563411 0.0280479
0 0.411309 0.795012 0.0446006 0.0375066
0 0.427351 0.657144 0.0460376 0.0391472
0 0.510303 0.520479 0.0528864 0.0309367
0 0.341821 0.746805 0.0461244 0.0332332
0 0.64458 0.543668 0.0514334 0.0338104
0 0.19811 0.740457 0.0500263 0.0427193
0 0.539192 0.605437 0.0485357 0.0346174
0 0.423865 0.533768 0.0542257 0.0302711
0 0.758311 0.600836 0.0462761 0.0420853
0 0.338211 0.571732 0.0530416 0.0362165
0 0.314932 0.861271 0.0547698 0.0290626
0 0.646124 0.640708 0.0547894 0.041643
0 0.253168 0.456687 0.0460782 0.039625
0 0.559622 0.635074 0.042903 0.0362376
0 0.581726 0.600337 0.0387276 0.0349341
0 0.409874 0.327085 0.0497875 0.0390955
0 0.695057 0.650447 0.0433608 0.0388895
0 0.470593 0.384667 0.0477507 0.0385507
0 0.334236 0.705269 0.0510622 0.0309539
0 0.389455 0.437381 0.045737 0.0323392
0 0.116384 0.439328 0.0667282 0.0461967
0 0.459243 0.512578 0.050108 0.0359643
0 0.176019 0.598398 0.0549544 0.044437
0 0.498354 0.432416 0.0419701 0.0374398
0 0.497217 0.595692 0.0414484 0.0356308
0 0.575719 0.394579 0.0470576 0.0325063
0 0.254647 0.637821 0.0508199 0.0370598
0 0.626015 0.445569 0.056711 0.0318514
0 0.681243 0.515533 0.053801 0.0354307
0 0.414922 0.56385 0.0519621 0.0329725
0 0.629881 0.507208 0.0467126 0.0361258
0 0.486051 0.467496 0.046881 0.0322067
0 0.684868 0.401658 0.0506916 0.0350881
0 0.255453 0.749951 0.0447553 0.0325954
0 0.557933 0.571714 0.0434886 0.0355473
0 0.638833 0.268884 0.0515496 0.0333537
0 0.600885 0.630205 0.0407248 0.0366969
0 0.533919 0.762652 0.0487727 0.0306605
0 0.906033 0.335623 0.0472266 0.0409393
0 0.246196 0.417184 0.049475 0.0327948
0 0.589377 0.759858 0.0622431 0.0385862
0 0.426043 0.214964 0.0537157 0.0349178
0 0.547428 0.540632 0.0536345 0.0310504
0 0.194343 0.556899 0.0447328 0.037366
0 0.467895 0.815181 0.0460337 0.0378588
0 0.532288 0.677529 0.0446806 0.0370397
0 0.511089 0.563848 0.0500922 0.0361736
0 0.548551 0.497569 0.0478102 0.035306
0 0.607111 0.725243 0.051827 0.0351669
0 0.497292 0.739527 0.0427906 0.0384186
0 0.447172 0.869482 0.0521185 0.0373113
0 0.729097 0.630569 0.0529575 0.0343374
0 0.215265 0.673983 0.0553822 0.030662
0 0.208202 0.464112 0.0461344 0.0364035
0 0.176489 0.510072 0.0529122 0.0355315
0 0.593423 0.808528 0.0550145 0.0356161
0 0.23693 0.487436 0.0432115 0.0334195
0 0.489012 0.667348 0.0459602 0.0363047
0 0.494625 0.221614 0.0498931 0.0353819
0 0.583668 0.663843 0.0575927 0.0313504
0 0.456592 0.625899 0.0458494 0.0386332
0 0.108785 0.588809 0.0523595 0.029322
0 0.643518 0.473063 0.0513565 0.0317542
0 0.230248 0.606491 0.050872 0.0327896
0 0.369768 0.774819 0.04461 0.0325686
0 0.592323 0.532416 0.045544 0.0365326
0 0.311651 0.833881 0.053239 0.0283898
0 0.412988 0.733419 0.0510126 0.0348711
0 0.246536 0.574874 0.0518132 0.0371136
0 0.39091 0.590108 0.0477573 0.0354586
0 0.669437 0.590497 0.0494505 0.0303134
0 0.454943 0.581675 0.0488544 0.0312116
0 0.41808 0.609966 0.0513588 0.0298977
0 0.490345 0.784098 0.0577412 0.0394967
0 0.57391 0.433617 0.0462747 0.0395247
0 0.868519 0.336169 0.0285017 0.0228807
0 0.429713 0.834472 0.0537627 0.0363607
0 0.544517 0.792153 0.0512554 0.0328102
0 0.381183 0.709294 0.0463777 0.0355955
0 0.553299 0.733086 0.050396 0.0347001
0 0.387673 0.634548 0.0397101 0.0344374
0 0.444731 0.660182 0.0425232 0.0390752
0 0.595765 0.567635 0.0366182 0.0336853
0 0.278507 0.78524 0.0303634 0.0286289
1 0.448739 0.280175 0.0200494 0.0193637
0 0.345265 0.281474 0.0493001 0.0210469
0 0.475928 0.853365 0.0438286 0.0383597
