2 0.300415 0.223863 0.0580558 0.0565095
2 0.737498 0.984561 0.0401173 0.0308781
2 0.558643 0.980565 0.0444295 0.0388693
2 0.258854 0.985123 0.0470032 0.0297544
2 0.509924 0.98356 0.0459562 0.0327914
2 0.831903 0.98533 0.0505108 0.0293409
2 0.943201 0.390232 0.0484328 0.041713
2 0.98087 0.976531 0.0382599 0.0431249
2 0.41033 0.188382 0.0494854 0.0430473
2 0.0911091 0.674523 0.0522141 0.0446916
2 0.172492 0.617784 0.0494219 0.04555
2 0.697862 0.0438139 0.0425598 0.0504082
2 0.617207 0.977946 0.0442531 0.0441071
2 0.616893 0.322766 0.0448535 0.0474213
2 0.506449 0.0838779 0.0485278 0.0438626
2 0.582396 0.693474 0.0422007 0.0495145
2 0.253667 0.508837 0.0484031 0.0457453
2 0.823675 0.590936 0.0513765 0.0439719
2 0.484297 0.206941 0.051526 0.0425839
2 0.977522 0.281067 0.0449555 0.0429923
2 0.129314 0.982829 0.0508768 0.0343421
2 0.898878 0.784884 0.0491357 0.0434194
2 0.82111 0.893161 0.0439805 0.0460961
2 0.560913 0.0842756 0.0410826 0.0514272
2 0.962075 0.335854 0.0406154 0.0507975
2 0.478694 0.267666 0.0465707 0.0451462
2 0.645984 0.0548467 0.0491912 0.0462285
2 0.36796 0.969162 0.0444042 0.0474904
2 0.413424 0.95241 0.0443582 0.0493757
2 0.358353 0.174845 0.0517897 0.0451419
2 0.980377 0.507717 0.0392463 0.0422531
2 0.144166 0.501797 0.0440716 0.048843
2 0.30206 0.539498 0.0452011 0.0387301
2 0.713609 0.883621 0.0328594 0.0445215
2 0.155655 0.88387 0.0448322 0.0487472
2 0.638918 0.263607 0.0406946 0.0522976
2 0.514566 0.89186 0.0488031 0.0435592
2 0.222806 0.568532 0.0523637 0.044654
2 0.672868 0.717437 0.0434284 0.0483297
2 0.230389 0.456917 0.0517776 0.0423454
2 0.311301 0.648549 0.0427231 0.0522424
2 0.182285 0.967413 0.0439416 0.0488119
2 0.765735 0.260485 0.0406371 0.0488202
2 0.484598 0.412227 0.0439605 0.0502445
2 0.326848 0.840916 0.0464373 0.0457555
2 0.754323 0.390238 0.0436906 0.0398685
2 0.123814 0.557566 0.0413876 0.0533219
2 0.701044 0.177538 0.0441803 0.0457088
2 0.644825 0.901726 0.0436636 0.044576
2 0.824477 0.94902 0.0464258 0.0392732
2 0.653692 0.770894 0.0439916 0.0486867
2 0.794273 0.74553 0.0408879 0.0447825
2 0.201129 0.732107 0.0510433 0.0441114
2 0.95394 0.87545 0.0421603 0.0310036
2 0.504311 0.131613 0.0505399 0.0442808
2 0.287173 0.866943 0.045912 0.0464592
2 0.890147 0.234669 0.0494308 0.0443096
2 0.639114 0.16826 0.0476653 0.042083
2 0.246915 0.850158 0.047044 0.0474932
2 0.445009 0.777557 0.0485526 0.0424661
2 0.984791 0.174767 0.030418 0.051889
2 0.557795 0.141688 0.0488133 0.0440826
2 0.607089 0.088782 0.0460544 0.0433486
2 0.95052 0.191795 0.0406295 0.0480204
2 0.257759 0.388591 0.0509764 0.0417618
2 0.46435 0.891112 0.042223 0.0479492
2 0.190412 0.790498 0.051031 0.0414656
2 0.375699 0.829523 0.0473633 0.041261
2 0.472888 0.460218 0.046445 0.0458214
2 0.872702 0.888026 0.0447967 0.0409482
2 0.619937 0.66269 0.0445995 0.0451109
2 0.0775599 0.777273 0.0464673 0.0495817
2 0.528001 0.841571 0.0434721 0.0486833
2 0.939826 0.983835 0.0458648 0.0323294
2 0.228443 0.956628 0.0435675 0.0500465
2 0.839906 0.462823 0.0478744 0.0405674
2 0.116644 0.61834 0.0483574 0.0476461
2 0.577859 0.38858 0.0446343 0.0455686
2 0.574912 0.283003 0.0448874 0.0434912
2 0.0977942 0.502968 0.0467304 0.0482231
2 0.924898 0.273233 0.0488648 0.043171
2 0.35911 0.659636 0.0490801 0.0432337
2 0.964552 0.60591 0.050168 0.0429773
2 0.345243 0.305925 0.0519802 0.0415021
2 0.797314 0.0348002 0.044168 0.049786
2 0.763496 0.871278 0.0387623 0.0460357
2 0.295036 0.336009 0.047355 0.0483218
2 0.58615 0.434493 0.0492201 0.0408585
2 0.0407741 0.682556 0.0451066 0.0516879
2 0.449552 0.377691 0.0434826 0.0502528
2 0.394258 0.593483 0.0385173 0.0409834
2 0.630701 0.731003 0.0395972 0.0493632
2 0.740763 0.0392863 0.0438142 0.0477401
2 0.20909 0.67052 0.0484109 0.0445838
2 0.92315 0.0254954 0.0435375 0.0481856
2 0.031484 0.805381 0.0469696 0.0506734
2 0.748546 0.550577 0.0478594 0.0420054
2 0.902651 0.0828284 0.0416765 0.0509349
2 0.557429 0.342286 0.0484366 0.0478001
2 0.974909 0.03322 0.0437536 0.0513507
2 0.141423 0.830488 0.0509468 0.0407422
2 0.796841 0.793297 0.0419106 0.0448884
2 0.741915 0.48583 0.0448305 0.0441127
2 0.953604 0.791388 0.0484462 0.0437576
2 0.882609 0.588317 0.0498155 0.0409146
2 0.847407 0.747286 0.049149 0.0404027
2 0.701411 0.935713 0.0364082 0.0457148
2 0.871502 0.0301718 0.0447946 0.0499566
2 0.579209 0.835934 0.0477788 0.0454654
2 0.122812 0.450687 0.0468678 0.0505866
2 0.218293 0.414726 0.0511809 0.0414729
2 0.218616 0.9073 0.0453552 0.0488289
2 0.588526 0.742158 0.0425005 0.0473615
2 0.527109 0.696392 0.0471225 0.0488558
2 0.109122 0.881816 0.0421655 0.0486531
2 0.841022 0.0663232 0.0402978 0.0504155
2 0.193383 0.370338 0.0455535 0.0473105
2 0.415549 0.137801 0.0518129 0.0448554
2 0.985663 0.560249 0.0286749 0.0449567
2 0.433056 0.594704 0.0376996 0.0447333
2 0.989188 0.750511 0.021623 0.0492101
2 0.369036 0.922763 0.0465971 0.0413942
2 0.0777453 0.56309 0.0458774 0.0495336
2 0.533617 0.275334 0.0415678 0.0496607
2 0.637814 0.545618 0.0399303 0.0459806
2 0.692142 0.471532 0.0427477 0.0500496
2 0.724742 0.844198 0.0452793 0.0397691
2 0.530792 0.434652 0.0459485 0.0450518
2 0.463088 0.104402 0.0422073 0.0516894
2 0.0585885 0.630617 0.0487135 0.0473999
2 0.249034 0.271413 0.0497824 0.0446041
2 0.287373 0.589997 0.0513428 0.0459838
2 0.595987 0.234443 0.0499014 0.0467922
2 0.832938 0.421282 0.0440118 0.0433863
2 0.403849 0.355246 0.0483501 0.044033
2 0.53157 0.383844 0.042847 0.0472862
2 0.543706 0.647999 0.0427887 0.0504666
2 0.0311844 0.865354 0.0446317 0.0465477
2 0.312289 0.705553 0.042909 0.0487592
2 0.643374 0.45883 0.0483792 0.0480391
2 0.0833856 0.828585 0.0437132 0.0496376
2 0.846112 0.791983 0.0455157 0.0469423
2 0.397635 0.784282 0.0416053 0.0503974
2 0.793008 0.420828 0.0376276 0.0506986
2 0.343451 0.505453 0.0329788 0.0443484
2 0.588226 0.181718 0.0488931 0.0426227
2 0.800631 0.359224 0.0445605 0.0455243
2 0.693626 0.421817 0.041314 0.0490346
2 0.459574 0.987716 0.0461792 0.024567
2 0.855686 0.360851 0.050431 0.0386073
2 0.664023 0.935507 0.0372269 0.0387467
2 0.783455 0.643121 0.0456025 0.0454565
2 0.744166 0.432566 0.0421537 0.04597
2 0.958612 0.131384 0.0458734 0.0460876
2 0.0705308 0.891043 0.0391912 0.0451897
2 0.301906 0.958506 0.0440968 0.0508648
2 0.341619 0.26102 0.0408514 0.0462234
2 0.642272 0.615264 0.0425912 0.0487322
2 0.157667 0.929886 0.0490226 0.042557
2 0.54672 0.592647 0.0473714 0.0463048
2 0.457442 0.326836 0.0387556 0.0486504
2 0.699374 0.625602 0.0424129 0.0492719
2 0.986596 0.823684 0.0268079 0.0509626
2 0.423493 0.862759 0.0442093 0.0323937
2 0.0289774 0.911213 0.0451722 0.0482128
2 0.152279 0.398963 0.0492913 0.0472181
2 0.481499 0.848099 0.0454019 0.0433696
2 0.26589 0.91341 0.0442282 0.048968
2 0.276002 0.801702 0.0456539 0.0480627
2 0.121978 0.792096 0.0424115 0.0492366
2 0.725332 0.286813 0.0451228 0.0422211
2 0.660094 0.210182 0.0404066 0.0503961
2 0.951525 0.547547 0.0395155 0.0520727
2 0.412925 0.442925 0.0412872 0.0479801
2 0.721236 0.728515 0.047256 0.0431545
2 0.354462 0.554866 0.0503264 0.0449869
2 0.469953 0.737096 0.0463062 0.0433524
2 0.873835 0.66185 0.0428484 0.0458846
2 0.951713 0.91328 0.0409155 0.0482193
2 0.819143 0.114387 0.0431991 0.0491261
2 0.991677 0.321483 0.0166457 0.0445222
2 0.71063 0.781549 0.0413347 0.0442271
2 0.153536 0.712637 0.0447103 0.0354111
2 0.654967 0.100613 0.0468538 0.0426079
2 0.638978 0.821161 0.0428312 0.0461985
2 0.714942 0.578751 0.0384204 0.0464682
2 0.259143 0.651543 0.0481756 0.0442881
2 0.193519 0.827854 0.0457008 0.031048
2 0.086145 0.935791 0.0488702 0.0454999
2 0.787929 0.214604 0.0479189 0.0441315
2 0.312103 0.902542 0.0462201 0.0474822
2 0.540587 0.928339 0.0477889 0.0438084
2 0.662744 0.311926 0.0426219 0.0377257
2 0.306577 0.398721 0.0434062 0.0501065
2 0.88782 0.133229 0.0420057 0.0471421
2 0.232831 0.61205 0.0530326 0.0416569
2 0.470969 0.543609 0.0467331 0.0485954
2 0.990588 0.659584 0.0188249 0.0488691
2 0.37112 0.755604 0.0382552 0.0369743
2 0.33069 0.75194 0.0425737 0.0394923
2 0.492363 0.3557 0.0393527 0.0498407
2 0.536112 0.234202 0.0500418 0.0401508
2 0.537096 0.542477 0.0454526 0.0442438
2 0.340228 0.357276 0.0424872 0.0500899
2 0.411757 0.732325 0.0469982 0.0455088
2 0.933662 0.434325 0.0440443 0.0430553
2 0.452856 0.692519 0.0461816 0.0455739
2 0.607439 0.134208 0.0511233 0.0440818
2 0.357159 0.711498 0.0405078 0.04996
2 0.556482 0.78626 0.0480028 0.0443336
2 0.214076 0.312922 0.0497709 0.0418229
2 0.944946 0.475691 0.0457902 0.0388418
2 0.833487 0.644877 0.0462381 0.0457821
2 0.530239 0.747296 0.0475003 0.0404764
2 0.783352 0.0820382 0.0414551 0.0465195
2 0.652449 0.372748 0.0399585 0.0378807
2 0.907698 0.19759 0.0413369 0.0435911
2 0.813874 0.508371 0.0464859 0.0375122
2 0.667622 0.514175 0.0407117 0.042983
2 0.806651 0.269719 0.0426938 0.0466548
2 0.741336 0.0851593 0.0463411 0.0414221
2 0.768087 0.595906 0.0479602 0.0406912
2 0.932831 0.836739 0.053084 0.0425311
2 0.2791 0.444018 0.0434379 0.0519493
2 0.356939 0.404253 0.0387221 0.0441094
2 0.605955 0.786643 0.0436423 0.0449476
2 0.832927 0.189753 0.0443146 0.0442946
2 0.418904 0.500173 0.0479565 0.0425621
2 0.865196 0.285682 0.048406 0.0412321
2 0.906666 0.963242 0.0435535 0.0511219
2 0.801229 0.545653 0.0476918 0.0405899
2 0.0825719 0.989339 0.0431819 0.021322
2 0.345809 0.45352 0.0425804 0.0495604
2 0.720801 0.231933 0.0485083 0.0439352
2 0.866689 0.93377 0.0426217 0.0476529
2 0.740226 0.634532 0.0437289 0.0428104
2 0.415166 0.549455 0.0480965 0.043483
2 0.477874 0.939657 0.0446042 0.0479328
2 0.955777 0.742573 0.044983 0.0451324
2 0.612431 0.370022 0.039495 0.0421618
2 0.650253 0.412039 0.0441045 0.0439366
2 0.947827 0.656241 0.0470928 0.0469006
2 0.779492 0.993031 0.0399893 0.0139375
2 0.988672 0.874836 0.0226559 0.0433082
2 0.246153 0.709658 0.0506581 0.0432842
2 0.600354 0.882288 0.042813 0.0435187
2 0.985863 0.462161 0.0282741 0.0444756
2 0.389819 0.474079 0.0411815 0.0308395
2 0.171474 0.4459 0.0492282 0.0458163
2 0.406272 0.682953 0.0474857 0.0438979
2 0.596036 0.475124 0.0409212 0.0368179
2 0.873426 0.402433 0.0443447 0.047026
2 0.854758 0.547089 0.0454059 0.0460851
2 0.772868 0.314041 0.0449563 0.0448505
2 0.498124 0.787398 0.0499564 0.0463457
2 0.593552 0.622437 0.0438525 0.0426913
2 0.878917 0.829676 0.0477332 0.0451668
2 0.983221 0.082638 0.0335578 0.0464045
2 0.909262 0.550388 0.0437031 0.0453163
2 0.790516 0.467983 0.0483335 0.040145
2 0.197257 0.491126 0.0500167 0.0443818
2 0.0466266 0.964088 0.0451165 0.0496882
2 0.188815 0.531142 0.0510498 0.0389164
2 0.943774 0.0733923 0.0398819 0.0489132
2 0.677159 0.872751 0.0395426 0.0472056
2 0.239781 0.347082 0.0498476 0.0460898
2 0.833914 0.70325 0.0501085 0.0438127
2 0.977313 0.421273 0.0453732 0.0459941
2 0.777847 0.930453 0.0419316 0.040078
2 0.707701 0.37375 0.0466747 0.0411004
2 0.90485 0.625681 0.048347 0.0423609
2 0.354838 0.881706 0.0346673 0.041605
2 0.876677 0.981088 0.0340249 0.0377186
2 0.153 0.753783 0.0514364 0.0407949
2 0.633982 0.860466 0.0437565 0.0317011
2 0.238305 0.773843 0.0428854 0.0470287
2 0.490338 0.586395 0.0489078 0.0451152
2 0.395999 0.633509 0.0483641 0.0428907
2 0.560565 0.500973 0.042268 0.045738
2 0.911073 0.91295 0.0406663 0.0484235
2 0.319623 0.795132 0.0361964 0.0435723
2 0.603777 0.589537 0.0462401 0.0328244
2 0.536138 0.477614 0.0428145 0.0388376
2 0.910181 0.684892 0.0390762 0.0493416
2 0.865959 0.498994 0.0480845 0.0408006
2 0.457879 0.164418 0.0459473 0.0485508
2 0.303074 0.502449 0.0473701 0.0401986
2 0.736 0.67579 0.0478712 0.0401934
2 0.83954 0.240465 0.046265 0.0444407
2 0.91981 0.507653 0.0433783 0.0409839
2 0.153489 0.676629 0.0453697 0.046696
2 0.608896 0.928041 0.0424752 0.0492087
2 0.906004 0.743599 0.0485788 0.0406851
2 0.201429 0.85963 0.0467444 0.0437014
2 0.700885 0.0971363 0.04372 0.0367886
2 0.709999 0.520317 0.0446897 0.0415062
2 0.675088 0.58009 0.0419996 0.0480878
2 0.771412 0.70228 0.0475987 0.041882
2 0.408072 0.400123 0.0452533 0.0399049
2 0.558929 0.881306 0.0404257 0.0469546
2 0.166272 0.559759 0.0389469 0.0474581
2 0.349966 0.605804 0.0469875 0.0470421
2 0.413139 0.310191 0.049081 0.0413213
2 0.45399 0.823509 0.046054 0.0442816
2 0.857457 0.160331 0.0381449 0.0476078
2 0.332226 0.99192 0.0457788 0.0161593
2 0.43754 0.231987 0.0424013 0.0474023
2 0.499374 0.303703 0.0506553 0.0410873
2 0.701053 0.261941 0.0396073 0.041121
2 0.752423 0.755925 0.0422951 0.043627
2 0.661178 0.990528 0.0462306 0.0189434
2 0.995363 0.610886 0.00927321 0.0446149
2 0.945563 0.702023 0.0333484 0.0421979
2 0.823752 0.841152 0.0436275 0.0454557
2 0.926958 0.157016 0.0378634 0.0448037
2 0.898697 0.466581 0.0411056 0.0432789
2 0.512012 0.623524 0.0383874 0.0410876
2 0.978748 0.698938 0.041859 0.0470171
2 0.909289 0.322869 0.0418199 0.0473622
2 0.734325 0.349357 0.0474072 0.0392175
2 0.881583 0.719758 0.0430964 0.0411553
2 0.680516 0.340388 0.0491404 0.0434154
2 0.783439 0.833304 0.0466924 0.0388536
2 0.488651 0.647361 0.0407303 0.0476373
2 0.674821 0.14277 0.0423295 0.0413508
2 0.75132 0.127064 0.0411928 0.0379293
2 0.384003 0.875371 0.0377061 0.0476051
2 0.432894 0.659402 0.0439895 0.0300631
2 0.801013 0.681613 0.0404229 0.0407338
2 0.613087 0.500107 0.0510534 0.0412926
1 0.535315 0.176752 0.0494926 0.0463092
2 0.41903 0.899513 0.0432743 0.0427416
2 0.372091 0.219296 0.0457363 0.0406793
2 0.275433 0.751133 0.0461159 0.0441319
2 0.71634 0.136158 0.0397095 0.0416732
2 0.751293 0.167936 0.0447083 0.0430079
2 0.43114 0.27946 0.0423345 0.0389973
2 0.59349 0.541601 0.0469358 0.0476409
2 0.405141 0.246749 0.0434944 0.039588
2 0.680692 0.968826 0.0490013 0.0336208
2 0.733659 0.924801 0.0322726 0.0468508
2 0.748225 0.807817 0.0332418 0.0241425
2 0.785595 0.972464 0.0460291 0.030002
2 0.449721 0.42539 0.0383342 0.0317446
2 0.190819 0.996245 0.0447634 0.0075066
2 0.45353 0.621989 0.042888 0.0456969
2 0.667271 0.663642 0.0432055 0.0514329
0 0.667336 0.663487 0.0431228 0.0513359
2 0.315734 0.469348 0.0386667 0.0429054
2 0.690849 0.821533 0.0386918 0.0475848
2 0.866911 0.323687 0.0470023 0.0387618
2 0.351936 0.787632 0.038074 0.039991
2 0.996277 0.374579 0.00744672 0.0366384
2 0.376126 0.505579 0.0383186 0.0449607
